1 1 1 1 1 1 1 1 1 1 1 1 1 1 1 1 1 1 1 1 1 1 1 1 1 1 1 1 1 1 1 1 1 1 1 1 1 1 1 1 1 1 1 1 1 1 1 1 1 1 
1.00003 1.0179 1.03464 1.05024 1.0647 1.07803 1.09022 1.10128 1.1112 1.11999 1.12764 1.13415 1.13953 1.14377 1.14688 1.14885 1.14968 1.14938 1.14794 1.14537 1.14166 1.13681 1.13083 1.12371 1.11546 1.10607 1.09555 1.08389 1.07109 1.05716 1.04209 1.02589 1.00855 0.99007 0.970458 0.94971 0.927827 0.904807 0.880651 0.85536 0.828933 0.80137 0.772671 0.742836 0.711865 0.679758 0.646516 0.612137 0.576623 0.539973 
1.00022 1.03574 1.06899 1.09997 1.12867 1.15511 1.17927 1.20116 1.22077 1.23812 1.25319 1.266 1.27653 1.28478 1.29077 1.29449 1.29593 1.2951 1.292 1.28663 1.27899 1.26907 1.25688 1.24242 1.22569 1.20669 1.18542 1.16187 1.13605 1.10796 1.0776 1.04497 1.01006 0.972885 0.933437 0.891716 0.847724 0.80146 0.752924 0.702117 0.649037 0.593686 0.536063 0.476169 0.414002 0.349564 0.282854 0.213872 0.142618 0.0690931 
1.00075 1.05369 1.10323 1.14936 1.19208 1.23139 1.26729 1.29979 1.32888 1.35456 1.37683 1.3957 1.41116 1.42321 1.43185 1.43709 1.43892 1.43734 1.43235 1.42395 1.41215 1.39694 1.37832 1.3563 1.33086 1.30202 1.26977 1.23411 1.19505 1.15258 1.1067 1.05741 1.00472 0.948614 0.889104 0.826186 0.75986 0.690127 0.616986 0.540437 0.46048 0.377116 0.290345 0.200166 0.106579 0.00958347 -0.0908189 -0.194629 -0.301847 -0.412472 
1.00178 1.07192 1.13752 1.19857 1.25508 1.30705 1.35447 1.39735 1.43569 1.46948 1.49873 1.52343 1.54359 1.55921 1.57029 1.57682 1.5788 1.57625 1.56915 1.5575 1.54132 1.52059 1.49531 1.46549 1.43113 1.39223 1.34878 1.30079 1.24825 1.19117 1.12955 1.06339 0.992675 0.917422 0.837625 0.753285 0.664401 0.570973 0.473002 0.370487 0.263429 0.151828 0.0356822 -0.0850067 -0.210239 -0.340015 -0.474335 -0.613198 -0.756605 -0.904555 
1.00348 1.09059 1.17203 1.24778 1.31786 1.38225 1.44097 1.49401 1.54136 1.58304 1.61904 1.64936 1.674 1.69296 1.70624 1.71384 1.71576 1.712 1.70257 1.68745 1.66665 1.64018 1.60802 1.57019 1.52668 1.47748 1.42261 1.36206 1.29583 1.22392 1.14633 1.06306 0.974106 0.879477 0.779169 0.673181 0.561514 0.444167 0.321141 0.192435 0.0580502 -0.0820141 -0.227758 -0.379181 -0.536284 -0.699067 -0.867528 -1.04167 -1.22149 -1.40699 
1.00601 1.10987 1.20692 1.29715 1.38057 1.45717 1.52695 1.58992 1.64607 1.69541 1.73794 1.77365 1.80254 1.82462 1.83988 1.84832 1.84996 1.84477 1.83277 1.81396 1.78833 1.75588 1.71662 1.67055 1.61766 1.55795 1.49143 1.41809 1.33794 1.25097 1.15719 1.05659 0.949175 0.834945 0.713901 0.586041 0.451366 0.309875 0.161569 0.00644779 -0.155489 -0.324241 -0.499808 -0.682191 -0.871389 -1.0674 -1.27023 -1.47988 -1.69633 -1.91961 
1.00954 1.12993 1.24236 1.34685 1.44338 1.53196 1.61259 1.68526 1.74999 1.80676 1.85559 1.89646 1.92938 1.95435 1.97137 1.98044 1.98155 1.97472 1.95993 1.9372 1.90651 1.86787 1.82128 1.76673 1.70424 1.6338 1.5554 1.46905 1.37475 1.27251 1.1623 1.04415 0.918049 0.783995 0.641989 0.492032 0.334124 0.168264 -0.00554705 -0.187309 -0.377022 -0.574687 -0.780302 -0.993869 -1.21539 -1.44486 -1.68228 -1.92765 -2.18097 -2.44225 
1.01425 1.15093 1.27853 1.39704 1.50646 1.60679 1.69804 1.7802 1.85327 1.91726 1.97216 2.01797 2.0547 2.08233 2.10088 2.11035 2.11072 2.10201 2.08421 2.05733 2.02136 1.9763 1.92215 1.85892 1.7866 1.70519 1.61469 1.51511 1.40644 1.28869 1.16184 1.02591 0.880896 0.726791 0.5636 0.39132 0.209955 0.0195007 -0.18004 -0.388667 -0.606381 -0.833183 -1.06907 -1.31405 -1.56811 -1.83126 -2.1035 -2.38482 -2.67523 -2.97473 
1.02029 1.17304 1.31558 1.44789 1.56997 1.68184 1.78348 1.8749 1.95609 2.02707 2.08782 2.13834 2.17865 2.20873 2.22858 2.23822 2.23763 2.22682 2.20578 2.17453 2.13304 2.08134 2.01941 1.94727 1.86489 1.7723 1.66948 1.55644 1.43317 1.29968 1.15597 1.00204 0.837882 0.663502 0.478899 0.284074 0.0790253 -0.136248 -0.361742 -0.59746 -0.843401 -1.09956 -1.36595 -1.64256 -1.92939 -2.22645 -2.53373 -2.85123 -3.17896 -3.5169 
1.02783 1.19643 1.35368 1.49957 1.63409 1.75726 1.86907 1.96953 2.05862 2.13635 2.20273 2.25774 2.3014 2.3337 2.35464 2.36422 2.36244 2.3493 2.32481 2.28895 2.24174 2.18316 2.11323 2.03194 1.93929 1.83528 1.71992 1.59319 1.4551 1.30566 1.14486 0.972696 0.789175 0.594295 0.388057 0.170459 -0.0584974 -0.298813 -0.550488 -0.81352 -1.08791 -1.37366 -1.67077 -1.97924 -2.29907 -2.63026 -2.9728 -3.32671 -3.69197 -4.06859 
1.03704 1.22127 1.393 1.55224 1.69898 1.83323 1.95499 2.06425 2.16101 2.24528 2.31706 2.37634 2.42313 2.45742 2.47921 2.48852 2.48532 2.46963 2.44145 2.40077 2.3476 2.28194 2.20377 2.11312 2.00996 1.89432 1.76618 1.62554 1.47241 1.30679 1.12867 0.93805 0.734941 0.519336 0.291237 0.0506425 -0.202446 -0.46803 -0.746109 -1.03668 -1.33975 -1.65531 -1.98337 -2.32392 -2.67697 -3.04251 -3.42055 -3.81108 -4.21411 -4.62963 
1.04808 1.24771 1.43371 1.60607 1.76481 1.90992 2.04139 2.15923 2.26345 2.35403 2.43098 2.4943 2.54399 2.58005 2.60248 2.61128 2.60644 2.58798 2.55589 2.51016 2.45081 2.37782 2.2912 2.19095 2.07708 1.94957 1.80843 1.65366 1.48526 1.30323 1.10756 0.89827 0.675347 0.438792 0.188608 -0.0752087 -0.352654 -0.643732 -0.94844 -1.26678 -1.59875 -1.94435 -2.30358 -2.67644 -3.06293 -3.46305 -3.87681 -4.30419 -4.7452 -5.19985 
1.06113 1.27594 1.47597 1.66124 1.83174 1.98748 2.12844 2.25465 2.36608 2.46275 2.54465 2.61179 2.66416 2.70176 2.7246 2.73267 2.72597 2.70451 2.66828 2.61728 2.55151 2.47098 2.37569 2.26562 2.1408 2.0012 1.84684 1.67771 1.49381 1.29515 1.08172 0.853522 0.61056 0.352832 0.0803356 -0.206926 -0.508954 -0.82575 -1.15731 -1.50364 -1.86474 -2.2406 -2.63123 -3.03662 -3.45678 -3.89171 -4.3414 -4.80586 -5.28509 -5.77909 
1.07636 1.30611 1.51995 1.7179 1.89994 2.06608 2.21632 2.35066 2.46909 2.57162 2.65825 2.72898 2.7838 2.82272 2.84574 2.85285 2.84407 2.81938 2.77879 2.72229 2.6499 2.5616 2.4574 2.33729 2.20129 2.04938 1.88157 1.69785 1.49824 1.28272 1.0513 0.803973 0.540748 0.26162 -0.033411 -0.344344 -0.67118 -1.01392 -1.37256 -1.7471 -2.13755 -2.5439 -2.96615 -3.4043 -3.85836 -4.32832 -4.81417 -5.31594 -5.8336 -6.36717 
1.09391 1.33839 1.56583 1.77622 1.96958 2.1459 2.30519 2.44743 2.57264 2.6808 2.77193 2.84603 2.90308 2.94309 2.96607 2.97201 2.96091 2.93277 2.88759 2.82537 2.74612 2.64983 2.5365 2.40613 2.25872 2.09427 1.91279 1.71426 1.4987 1.2661 1.01647 0.74979 0.466077 0.165324 -0.152467 -0.487296 -0.839164 -1.20807 -1.59402 -1.997 -2.41702 -2.85408 -3.30818 -3.77931 -4.26749 -4.7727 -5.29495 -5.83424 -6.39057 -6.96394 
1.11398 1.37295 1.61375 1.83638 2.04083 2.2271 2.39521 2.54513 2.67689 2.79047 2.88587 2.96311 3.02216 3.06305 3.08575 3.09029 3.07665 3.04484 2.99485 2.92668 2.84035 2.73584 2.61315 2.47229 2.31326 2.13605 1.94067 1.72711 1.49538 1.24547 0.977395 0.691141 0.386713 0.0641117 -0.276664 -0.635615 -1.01274 -1.40804 -1.82151 -2.25316 -2.70298 -3.17098 -3.65715 -4.16149 -4.68401 -5.22471 -5.78357 -6.36061 -6.95583 -7.56922 
1.13671 1.40996 1.6639 1.89853 2.11384 2.30985 2.48655 2.64394 2.78201 2.90078 3.00024 3.08038 3.14122 3.18275 3.20496 3.20787 3.19147 3.15575 3.10073 3.02639 2.93275 2.81979 2.68753 2.53595 2.36507 2.17488 1.96537 1.73655 1.48843 1.22099 0.934248 0.628192 0.302826 -0.041851 -0.405837 -0.789133 -1.19174 -1.61366 -2.05488 -2.51542 -2.99527 -3.49442 -4.01289 -4.55067 -5.10776 -5.68416 -6.27986 -6.89488 -7.52921 -8.18285 
1.16228 1.44958 1.71643 1.96284 2.1888 2.39431 2.57938 2.744 2.88818 3.01191 3.11519 3.19803 3.26042 3.30236 3.32386 3.32492 3.30552 3.26568 3.2054 3.12467 3.02349 2.90187 2.7598 2.59729 2.41432 2.21092 1.98706 1.74277 1.47802 1.19283 0.887193 0.561109 0.21458 -0.152396 -0.539816 -0.947683 -1.376 -1.82476 -2.29396 -2.78361 -3.29371 -3.82425 -4.37524 -4.94668 -5.53856 -6.15089 -6.78366 -7.43688 -8.11055 -8.80466 
1.19086 1.49198 1.77152 2.02948 2.26586 2.48065 2.67387 2.8455 2.99555 3.12401 3.2309 3.3162 3.37992 3.42206 3.44262 3.44159 3.41899 3.3748 3.30903 3.22168 3.11274 2.98223 2.83013 2.65645 2.46119 2.24434 2.00592 1.74591 1.46432 1.16115 0.836395 0.49006 0.122143 -0.267356 -0.678437 -1.1111 -1.56534 -2.04117 -2.53858 -3.05757 -3.59814 -4.1603 -4.74403 -5.34935 -5.97625 -6.62474 -7.2948 -7.98645 -8.69967 -9.43448 
1.22261 1.53733 1.82934 2.09862 2.34519 2.56904 2.77018 2.94859 3.10429 3.23727 3.34753 3.43507 3.4999 3.54201 3.5614 3.55807 3.53203 3.48326 3.41178 3.31758 3.20067 3.06103 2.89868 2.71361 2.50582 2.27532 2.02209 1.74615 1.44749 1.12612 0.782024 0.415212 0.0256815 -0.386566 -0.821531 -1.27922 -1.75962 -2.26274 -2.78857 -3.33713 -3.9084 -4.50239 -5.1191 -5.75852 -6.42067 -7.10553 -7.81311 -8.54341 -9.29642 -10.0722 
1.2577 1.5858 1.89004 2.17043 2.42697 2.65965 2.86848 3.05345 3.21457 3.35184 3.46525 3.55481 3.62052 3.66237 3.68037 3.67451 3.64481 3.59124 3.51383 3.41256 3.28743 3.13846 2.96563 2.76894 2.5484 2.30401 2.03577 1.74366 1.42771 1.08791 0.724246 0.336731 -0.0746365 -0.509858 -0.968933 -1.45186 -1.95864 -2.48928 -3.04377 -3.62212 -4.22431 -4.85036 -5.50027 -6.17403 -6.87164 -7.59311 -8.33842 -9.1076 -9.90063 -10.7175 
1.2963 1.63754 1.9538 2.24507 2.51135 2.75263 2.96893 3.16024 3.32656 3.46789 3.58423 3.67558 3.74194 3.78332 3.7997 3.79109 3.75749 3.69891 3.61533 3.50676 3.37321 3.21466 3.03113 2.8226 2.58909 2.33059 2.0471 1.73861 1.40514 1.04668 0.663227 0.254786 -0.178645 -0.637065 -1.12047 -1.62887 -2.16226 -2.72064 -3.30401 -3.91237 -4.54572 -5.20405 -5.88738 -6.59569 -7.329 -8.0873 -8.87058 -9.67885 -10.5121 -11.3704 
1.33856 1.69274 2.02078 2.3227 2.5985 2.84817 3.07171 3.26913 3.44043 3.58559 3.70464 3.79755 3.86434 3.90501 3.91955 3.90797 3.87026 3.80642 3.71646 3.60037 3.45816 3.28982 3.09536 2.87477 2.62805 2.35522 2.05625 1.73116 1.37994 1.0026 0.599134 0.169541 -0.286177 -0.76802 -1.27599 -1.81008 -2.3703 -2.95665 -3.56912 -4.20772 -4.87244 -5.56329 -6.28026 -7.02335 -7.79258 -8.58793 -9.4094 -10.257 -11.1307 -12.0306 
1.38467 1.75155 2.09116 2.4035 2.68859 2.94642 3.17698 3.38029 3.55633 3.70511 3.82663 3.92089 3.98789 4.02762 4.0401 4.02531 3.98326 3.91395 3.81738 3.69355 3.54245 3.3641 3.15848 2.9256 2.66546 2.37806 2.0634 1.72148 1.35229 0.955844 0.532136 0.0811663 -0.397064 -0.902555 -1.43531 -1.99532 -2.5826 -3.19714 -3.83894 -4.508 -5.20432 -5.9279 -6.67874 -7.45685 -8.26222 -9.09485 -9.95474 -10.8419 -11.7563 -12.698 
1.43479 1.81414 2.16509 2.48764 2.78179 3.04755 3.28491 3.49388 3.67444 3.82661 3.95038 4.04576 4.11274 4.15132 4.1615 4.14328 4.09667 4.02166 3.91826 3.78645 3.62625 3.43766 3.22066 2.97527 2.70148 2.39929 2.06871 1.70973 1.32235 0.90657 0.462399 -0.0101728 -0.511141 -1.04051 -1.59827 -2.18443 -2.79898 -3.44194 -4.11329 -4.81304 -5.54119 -6.29773 -7.08267 -7.89601 -8.73774 -9.60788 -10.5064 -11.4333 -12.3887 -13.3724 
1.48908 1.88068 2.24274 2.57527 2.87827 3.15173 3.39567 3.61007 3.79493 3.95026 4.07606 4.17233 4.23906 4.27626 4.28393 4.26206 4.21066 4.12973 4.01926 3.87926 3.70973 3.51067 3.28207 3.02394 2.73627 2.41907 2.07234 1.69608 1.29028 0.85495 0.390087 -0.10431 -0.628241 -1.1817 -1.7647 -2.37723 -3.01929 -3.69089 -4.39202 -5.12268 -5.88287 -6.6726 -7.49187 -8.34066 -9.21898 -10.1268 -11.0642 -12.0312 -13.0276 -14.0536 
1.54771 1.95133 2.32429 2.66657 2.97819 3.25913 3.50941 3.72902 3.91796 4.07623 4.20383 4.30077 4.36703 4.40262 4.40755 4.38181 4.32539 4.23831 4.12056 3.97214 3.79305 3.5833 3.34287 3.07177 2.77001 2.43758 2.07447 1.6807 1.25626 0.801149 0.315371 -0.201078 -0.748194 -1.32598 -1.93443 -2.57356 -3.24335 -3.94382 -4.67495 -5.43675 -6.22922 -7.05235 -7.90616 -8.79064 -9.70578 -10.6516 -11.6281 -12.6352 -13.6731 -14.7415 
1.61085 2.02627 2.40989 2.7617 3.08171 3.36992 3.62632 3.85091 4.0437 4.20468 4.33386 4.43124 4.49681 4.53057 4.53253 4.50269 4.44104 4.34758 4.22232 4.06526 3.87639 3.65571 3.40323 3.11895 2.80286 2.45496 2.07526 1.66376 1.22045 0.745335 0.238416 -0.300308 -0.870838 -1.47317 -2.10731 -2.77325 -3.471 -4.20056 -4.96192 -5.75508 -6.58005 -7.43682 -8.3254 -9.24578 -10.198 -11.182 -12.1978 -13.2454 -14.3248 -15.436 
1.67866 2.10566 2.49972 2.86084 3.18901 3.48425 3.74654 3.9759 4.17231 4.33579 4.46632 4.56391 4.62856 4.66027 4.65904 4.62487 4.55775 4.4577 4.32471 4.15877 3.9599 3.72808 3.46332 3.16562 2.83498 2.4714 2.07488 1.64542 1.18302 0.687675 0.159389 -0.401836 -0.996002 -1.62311 -2.28316 -2.97614 -3.70207 -4.46095 -5.25276 -6.07751 -6.9352 -7.82583 -8.7494 -9.70592 -10.6954 -11.7178 -12.7731 -13.8614 -14.9826 -16.1368 
1.75131 2.18967 2.59394 2.96414 3.30026 3.6023 3.87027 4.10416 4.30397 4.46971 4.60137 4.69895 4.76246 4.79189 4.78724 4.74852 4.67572 4.56884 4.42789 4.25285 4.04375 3.80056 3.5233 3.21197 2.86655 2.48706 2.07349 1.62585 1.14413 0.628332 0.0784588 -0.505495 -1.12352 -1.77563 -2.46181 -3.18206 -3.9364 -4.72481 -5.5473 -6.40386 -7.2945 -8.21922 -9.17801 -10.1709 -11.1978 -12.2589 -13.354 -14.4831 -15.6464 -16.8437 
1.82898 2.27845 2.69272 3.07177 3.41561 3.72423 3.99765 4.23585 4.43884 4.60661 4.73918 4.83653 4.89866 4.92559 4.9173 4.8738 4.79509 4.68116 4.53203 4.34768 4.12811 3.87334 3.58335 3.25815 2.89773 2.50211 2.07127 1.60522 1.10395 0.567478 -0.00420952 -0.611113 -1.25323 -1.93055 -2.64309 -3.39084 -4.17381 -4.99199 -5.84538 -6.73398 -7.65779 -8.61682 -9.61106 -10.6405 -11.7052 -12.8051 -13.9401 -15.1105 -16.316 -17.5567 
1.91182 2.3722 2.79622 3.18391 3.53524 3.85022 4.12886 4.37114 4.57708 4.74667 4.87991 4.9768 5.03735 5.06154 5.04939 5.00089 4.91604 4.79484 4.63729 4.4434 4.21315 3.94656 3.64362 3.30433 2.92869 2.51671 2.06837 1.58369 1.06266 0.505278 -0.0884514 -0.718529 -1.38495 -2.08773 -2.82685 -3.60232 -4.41414 -5.26231 -6.14683 -7.06769 -8.0249 -9.01847 -10.0484 -11.1146 -12.2172 -13.3562 -14.5315 -15.7432 -16.9912 -18.2755 
2 2.47105 2.90462 3.30071 3.65931 3.98042 4.26406 4.5102 4.71887 4.89005 5.02374 5.11995 5.17868 5.19992 5.18367 5.12995 5.03873 4.91004 4.74386 4.54019 4.29904 4.02041 3.70429 3.35069 2.9596 2.53103 2.06497 1.56143 1.02041 0.4419 -0.174093 -0.827572 -1.51853 -2.24698 -3.01291 -3.81633 -4.65722 -5.53561 -6.45148 -7.40483 -8.39567 -9.42399 -10.4898 -11.5931 -12.7339 -13.9121 -15.1279 -16.3811 -17.6718 -19 
2.09369 2.5752 3.01808 3.42235 3.78799 4.11501 4.40342 4.6532 4.86436 5.03691 5.17083 5.26613 5.32281 5.34088 5.32032 5.26114 5.16334 5.02692 4.85188 4.63822 4.38594 4.09504 3.76552 3.39738 2.99062 2.54524 2.06124 1.53861 0.977371 0.377508 -0.260973 -0.938078 -1.6538 -2.40814 -3.20111 -4.03269 -4.90289 -5.81172 -6.75917 -7.74523 -8.76992 -9.83322 -10.9352 -12.0757 -13.2549 -14.4727 -15.7291 -17.0241 -18.3577 -19.73 
2.19306 2.68479 3.13677 3.54899 3.92145 4.25416 4.54711 4.8003 5.01374 5.18742 5.32135 5.41552 5.46993 5.48459 5.45949 5.39464 5.29002 5.14566 4.96153 4.73765 4.47402 4.17063 3.82748 3.44458 3.02192 2.5595 2.05733 1.5154 0.933714 0.312273 -0.348925 -1.04988 -1.79059 -2.57105 -3.39127 -4.25125 -5.15099 -6.09048 -7.06973 -8.08873 -9.14748 -10.246 -11.3843 -12.5623 -13.7801 -15.0376 -16.3349 -17.672 -19.0488 -20.4653 
2.29827 2.8 3.26085 3.6808 4.05985 4.39802 4.69529 4.95167 5.16716 5.34176 5.47546 5.56827 5.62019 5.63122 5.60136 5.5306 5.41896 5.26642 5.07298 4.83866 4.56344 4.24734 3.89034 3.49244 3.05366 2.57398 2.05342 1.49195 0.889603 0.246357 -0.437777 -1.16281 -1.92873 -2.73554 -3.58324 -4.47184 -5.40133 -6.37171 -7.38298 -8.43515 -9.52821 -10.6622 -11.837 -13.0527 -14.3094 -15.6069 -16.9453 -18.3246 -19.7448 -21.2059 
2.40949 2.921 3.39049 3.81794 4.20337 4.54676 4.84813 5.10748 5.32479 5.50008 5.63333 5.72457 5.77377 5.78094 5.74609 5.66921 5.5503 5.38936 5.1864 4.9414 4.65438 4.32533 3.95426 3.54115 3.08602 2.58886 2.04967 1.46845 0.845205 0.179934 -0.527367 -1.2767 -2.06805 -2.90144 -3.77685 -4.69429 -5.65376 -6.65525 -7.69878 -8.78433 -9.91191 -11.0815 -12.2931 -13.5468 -14.8425 -16.1802 -17.56 -18.9818 -20.4456 -21.9514 
2.52689 3.04796 3.52585 3.96059 4.35216 4.70056 5.00581 5.26788 5.4868 5.66255 5.79514 5.88456 5.93082 5.93392 5.89385 5.81062 5.68422 5.51466 5.30194 5.04605 4.747 4.40478 4.0194 3.59086 3.11915 2.60428 2.04625 1.44505 0.800688 0.113165 -0.617527 -1.39138 -2.2084 -3.06858 -3.97192 -4.91843 -5.9081 -6.94094 -8.01694 -9.1361 -10.2984 -11.5039 -12.7526 -14.0444 -15.3794 -16.7575 -18.1788 -19.6433 -21.151 -22.7018 
2.65064 3.18103 3.66712 4.1089 4.50639 4.85958 5.16847 5.43306 5.65335 5.82934 5.96104 6.04843 6.09152 6.09031 6.0448 5.955 5.82089 5.64248 5.41977 5.15277 4.84146 4.48586 4.08595 3.64174 3.15324 2.62043 2.04333 1.42192 0.756222 0.046217 -0.708084 -1.50669 -2.34959 -3.23679 -4.16829 -5.1441 -6.1642 -7.22861 -8.3373 -9.4903 -10.6876 -11.9292 -13.2151 -14.5453 -15.9198 -17.3386 -18.8017 -20.3091 -21.8608 -23.4568 
2.78089 3.32038 3.81444 4.26306 4.66624 5.02399 5.3363 5.60318 5.82462 6.00063 6.1312 6.21633 6.25603 6.25029 6.19912 6.10251 5.96047 5.77299 5.54008 5.26172 4.93794 4.56872 4.15406 3.69397 3.18844 2.63747 2.04107 1.39924 0.711967 -0.0207386 -0.798882 -1.62246 -2.49147 -3.40592 -4.36581 -5.37113 -6.42188 -7.51808 -8.6597 -9.84676 -11.0793 -12.3572 -13.6806 -15.0494 -16.4636 -17.9233 -19.4284 -20.979 -22.5749 -24.2164 
2.91783 3.4662 3.96799 4.42322 4.83187 5.19395 5.50946 5.7784 6.00077 6.17656 6.30579 6.38844 6.42452 6.41403 6.35697 6.25334 6.10313 5.90635 5.66301 5.37309 5.0366 4.65353 4.2239 3.74769 3.22492 2.65557 2.03965 1.37716 0.668095 -0.0875397 -0.889746 -1.73852 -2.63387 -3.57579 -4.56428 -5.59935 -6.68098 -7.80919 -8.98397 -10.2053 -11.4732 -12.7877 -14.1488 -15.5564 -17.0106 -18.5114 -20.0588 -21.6527 -23.2932 -24.9802 
3.06161 3.61863 4.12794 4.58955 5.00344 5.36963 5.68812 5.95889 6.18196 6.35732 6.48497 6.56492 6.59716 6.58169 6.51851 6.40763 6.24904 6.04274 5.78874 5.48702 5.1376 4.74047 4.29564 3.8031 3.26285 2.67489 2.03922 1.35585 0.624771 -0.154015 -0.980509 -1.85471 -2.77662 -3.74624 -4.76356 -5.82859 -6.94133 -8.10178 -9.30993 -10.5658 -11.8694 -13.2206 -14.6196 -16.0663 -17.5607 -19.1028 -20.6926 -22.3302 -24.0154 -25.7483 
3.2124 3.77785 4.29445 4.76221 5.18113 5.5512 5.87243 6.14482 6.36837 6.54307 6.66892 6.74594 6.77411 6.75344 6.68392 6.56556 6.39836 6.18232 5.91743 5.6037 5.24112 4.8297 4.36944 3.86034 3.30239 2.6956 2.03996 1.33549 0.582163 -0.220001 -1.07101 -1.97086 -2.91956 -3.91709 -4.96347 -6.05869 -7.20276 -8.39568 -9.63743 -10.928 -12.2675 -13.6558 -15.0929 -16.5788 -18.1137 -19.6973 -21.3298 -23.0112 -24.7414 -26.5204 
3.37037 3.94402 4.46769 4.94138 5.3651 5.73883 6.06258 6.33636 6.56015 6.73397 6.85781 6.93166 6.95554 6.92944 6.85336 6.72731 6.55127 6.32525 6.04925 5.72328 5.34733 4.92139 4.44548 3.91959 3.34371 2.71786 2.04204 1.31623 0.540438 -0.285328 -1.16107 -2.0868 -3.06251 -4.08819 -5.16385 -6.28949 -7.46511 -8.69072 -9.9663 -11.2919 -12.6674 -14.0929 -15.5684 -17.0939 -18.6693 -20.2948 -21.9702 -23.6956 -25.4709 -27.2963 
3.53569 4.11732 4.64783 5.12722 5.55551 5.93267 6.25873 6.53366 6.75749 6.93019 7.05178 7.12226 7.14162 7.10987 7.027 6.89302 6.70792 6.47171 6.18438 5.84593 5.45638 5.0157 4.52391 3.98101 3.38699 2.74186 2.04561 1.29824 0.499763 -0.349833 -1.25054 -2.20237 -3.20531 -4.25936 -5.36453 -6.52081 -7.72822 -8.98673 -10.2964 -11.6571 -13.069 -14.5319 -16.046 -17.6112 -19.2276 -20.895 -22.6135 -24.3832 -26.204 -28.0759 
3.70852 4.2979 4.83503 5.31991 5.75253 6.13291 6.46103 6.73691 6.96053 7.13191 7.25103 7.3179 7.33252 7.29489 7.205 7.06287 6.86849 6.62185 6.32297 5.97183 5.56844 5.1128 4.60491 4.04477 3.43238 2.76774 2.05084 1.2817 0.460302 -0.413343 -1.33924 -2.31739 -3.34779 -4.43044 -5.56534 -6.75249 -7.99189 -9.28355 -10.6275 -12.0236 -13.472 -14.9727 -16.5256 -18.1307 -19.7882 -21.4978 -23.2597 -25.0739 -26.9403 -28.859 
3.88903 4.48594 5.02946 5.51959 5.95634 6.3397 6.66967 6.94626 7.16946 7.33927 7.4557 7.51874 7.52839 7.48466 7.38754 7.23703 7.03314 6.77585 6.46519 6.10113 5.68369 5.21286 4.68864 4.11104 3.48005 2.79568 2.05791 1.26676 0.422226 -0.475698 -1.42701 -2.43171 -3.48979 -4.60126 -5.76612 -6.98436 -8.25599 -9.58101 -10.9594 -12.3912 -13.8764 -15.415 -17.0069 -18.6522 -20.351 -22.1031 -23.9086 -25.7675 -27.6797 -29.6454 
4.07739 4.6816 5.23129 5.72645 6.16709 6.55321 6.88481 7.16189 7.38444 7.55247 7.66597 7.72496 7.72942 7.67936 7.57477 7.41566 7.20203 6.93388 6.61121 6.23401 5.80229 5.31604 4.77528 4.17999 3.53017 2.82584 2.06698 1.2536 0.3857 -0.536724 -1.51367 -2.54515 -3.63114 -4.77166 -5.96669 -7.21626 -8.52034 -9.87895 -11.2921 -12.7597 -14.2819 -15.8586 -17.4898 -19.1756 -20.9158 -22.7106 -24.5599 -26.4638 -28.4221 -30.435 
4.27376 4.88505 5.44068 5.94065 6.38496 6.77362 7.10661 7.38395 7.60563 7.77165 7.88201 7.93671 7.93576 7.87914 7.76687 7.59894 7.37535 7.0961 6.76119 6.37062 5.9244 5.42252 4.86497 4.25177 3.58292 2.8584 2.07822 1.24239 0.350893 -0.59626 -1.59907 -2.65754 -3.77167 -4.94146 -6.1669 -7.448 -8.78477 -10.1772 -11.6253 -13.129 -14.6884 -16.3035 -17.9742 -19.7006 -21.4826 -23.3203 -25.2136 -27.1626 -29.1673 -31.2276 
4.47831 5.09645 5.6578 6.16235 6.61011 7.00108 7.33525 7.61262 7.8332 7.99699 8.10398 8.15418 8.14758 8.08419 7.964 7.78702 7.55324 7.26268 6.91531 6.51115 6.0502 5.53245 4.95791 4.32657 3.63844 2.89351 2.09179 1.23328 0.317966 -0.654137 -1.68303 -2.76873 -3.91122 -5.1105 -6.36657 -7.67944 -9.04911 -10.4756 -11.9588 -13.4989 -15.0957 -16.7494 -18.4598 -20.227 -22.051 -23.9319 -25.8695 -27.8639 -29.9151 -32.0231 
4.69121 5.31598 5.88282 6.39173 6.84271 7.23576 7.57088 7.84807 8.06732 8.22865 8.33205 8.37751 8.36505 8.29466 8.16633 7.98008 7.73589 7.43377 7.07373 6.65575 6.17985 5.64601 5.05424 4.40454 3.69691 2.93135 2.10786 1.22644 0.287094 -0.710186 -1.7654 -2.87854 -4.04961 -5.27861 -6.56554 -7.91041 -9.3132 -10.7739 -12.2926 -13.8692 -15.5037 -17.1961 -18.9465 -20.7548 -22.621 -24.5452 -26.5273 -28.5673 -30.6653 -32.8212 
4.91263 5.5438 6.11591 6.62895 7.08292 7.47783 7.81368 8.09045 8.30816 8.46681 8.56638 8.60689 8.58834 8.51072 8.37403 8.17828 7.92346 7.60957 7.23662 6.8046 6.31351 5.76336 5.15414 4.48586 3.7585 2.97209 2.12661 1.22206 0.258438 -0.764244 -1.84599 -2.98681 -4.18669 -5.44563 -6.76365 -8.14073 -9.57687 -11.0721 -12.6264 -14.2397 -15.9121 -17.6436 -19.4341 -21.2838 -23.1924 -25.1602 -27.187 -29.2729 -31.4178 -33.6218 
5.14272 5.78008 6.35722 6.87417 7.33092 7.72746 8.06381 8.33994 8.55588 8.71162 8.80715 8.84248 8.81761 8.73254 8.58726 8.38178 8.1161 7.79022 7.40413 6.95785 6.45136 5.88467 5.25777 4.57068 3.82338 3.01588 2.14818 1.22027 0.232166 -0.816139 -1.92465 -3.09336 -4.32228 -5.6114 -6.96072 -8.37024 -9.83996 -11.3699 -12.96 -14.6103 -16.3209 -18.0916 -19.9226 -21.8137 -23.765 -25.7766 -27.8483 -29.9803 -32.1724 -34.4248 
5.38167 6.02497 6.60694 7.12757 7.58686 7.98482 8.32143 8.59671 8.81065 8.96325 9.05452 9.08444 9.05303 8.96028 8.80619 8.59076 8.314 7.9759 7.57646 7.11568 6.59356 6.01011 5.36531 4.65918 3.89171 3.0629 2.17276 1.22127 0.208452 -0.865707 -2.00121 -3.19804 -4.45622 -5.77573 -7.15658 -8.59877 -10.1023 -11.6672 -13.2934 -14.9809 -16.7298 -18.54 -20.4116 -22.3444 -24.3387 -26.3942 -28.5112 -30.6894 -32.929 -35.2299 
5.62963 6.27866 6.86523 7.38931 7.85093 8.25006 8.58673 8.86092 9.07264 9.22188 9.30865 9.33295 9.29477 9.19412 9.03099 8.80539 8.51731 8.16677 7.75374 7.27825 6.74028 6.13983 5.47692 4.75152 3.96366 3.11332 2.2005 1.22521 0.187452 -0.912783 -2.07549 -3.30068 -4.58833 -5.93847 -7.35107 -8.82615 -10.3637 -11.9637 -13.6262 -15.3512 -17.1387 -18.9886 -20.901 -22.8759 -24.9132 -27.013 -29.1753 -31.4001 -33.6873 -36.037 
5.88677 6.54131 7.13224 7.65956 8.12327 8.52337 8.85986 9.13274 9.34201 9.48767 9.56972 9.58816 9.54299 9.43421 9.26182 9.02583 8.72622 8.363 7.93617 7.44573 6.89168 6.27402 5.59276 4.84788 4.03939 3.16729 2.23159 1.23227 0.169338 -0.957199 -2.14734 -3.4011 -4.71847 -6.09945 -7.54403 -9.05222 -10.624 -12.2594 -13.9585 -15.7211 -17.5474 -19.4372 -21.3907 -23.4077 -25.4884 -27.6327 -29.8406 -32.1122 -34.4473 -36.846 
6.15327 6.81309 7.40816 7.93849 8.40407 8.8049 9.14099 9.41233 9.61893 9.76078 9.83789 9.85025 9.79787 9.68073 9.49886 9.25224 8.94087 8.56475 8.12389 7.61829 7.04794 6.41284 5.713 4.94841 4.11908 3.22499 2.26617 1.2426 0.15428 -0.998783 -2.21659 -3.49915 -4.84645 -6.25849 -7.73528 -9.27682 -10.8831 -12.5541 -14.2899 -16.0904 -17.9557 -19.8857 -21.8805 -23.94 -26.0642 -28.2532 -30.507 -32.8254 -35.2087 -37.6567 
6.42928 7.09415 7.69314 8.22625 8.69348 9.09482 9.43029 9.69987 9.90357 10.0414 10.1133 10.1194 10.0596 9.93385 9.74226 9.48479 9.16144 8.7722 8.31709 7.79609 7.20921 6.55645 5.83781 5.05329 4.20288 3.28659 2.30442 1.25637 0.142441 -1.03737 -2.28307 -3.59465 -4.97211 -6.41545 -7.92467 -9.49977 -11.1408 -12.8476 -14.6204 -16.459 -18.3635 -20.3339 -22.3702 -24.4723 -26.6404 -28.8743 -31.1741 -33.5398 -35.9714 -38.4688 
6.71497 7.38467 7.98736 8.52302 8.99167 9.3933 9.72792 9.99551 10.1961 10.3297 10.3962 10.3957 10.3282 10.1937 9.9922 9.72365 9.38809 8.98551 8.51592 7.9793 7.37567 6.70502 5.96736 5.16267 4.29097 3.35225 2.34652 1.27376 0.133987 -1.0728 -2.34661 -3.68744 -5.09527 -6.57013 -8.11201 -9.72091 -11.3968 -13.1397 -14.9497 -16.8267 -18.7706 -20.7816 -22.8597 -25.0047 -27.2167 -29.4958 -31.8419 -34.255 -36.7351 -39.2823 
7.01052 7.68482 8.29098 8.82898 9.29882 9.70051 10.0341 10.2994 10.4967 10.6257 10.6867 10.6794 10.6041 10.4605 10.2488 9.969 9.621 9.20485 8.72055 8.16809 7.54748 6.85872 6.10181 5.27674 4.38351 3.42214 2.39261 1.29492 0.129089 -1.1049 -2.40705 -3.77734 -5.21579 -6.7224 -8.29715 -9.94006 -11.6511 -13.4303 -15.2777 -17.1932 -19.1769 -21.2287 -23.3487 -25.5369 -27.7932 -30.1176 -32.5102 -34.971 -37.4999 -40.0969 
7.31608 7.99477 8.60416 9.14427 9.61509 10.0166 10.3489 10.6118 10.8055 10.9298 10.9849 10.9707 10.8872 10.7344 10.5123 10.221 9.86033 9.43039 8.93115 8.36263 7.72482 7.01772 6.24133 5.39565 4.48068 3.49642 2.44287 1.32004 0.127909 -1.13351 -2.46421 -3.8642 -5.33349 -6.87206 -8.47992 -10.1571 -11.9035 -13.7192 -15.6043 -17.5586 -19.5822 -21.6751 -23.8372 -26.0687 -28.3695 -30.7395 -33.1788 -35.6875 -38.2654 -40.9126 
7.63183 8.31467 8.92708 9.46907 9.94064 10.3418 10.6725 10.9328 11.1226 11.2421 11.2911 11.2697 11.1778 11.0156 10.7829 10.4798 10.1062 9.66228 9.14789 8.56308 7.90784 7.18217 6.38609 5.51957 4.58263 3.57527 2.49747 1.34926 0.130619 -1.15844 -2.51794 -3.94785 -5.4482 -7.01896 -8.66015 -10.3718 -12.1538 -14.0063 -15.9292 -17.9225 -19.9862 -22.1204 -24.325 -26.6 -28.9455 -31.3613 -33.8476 -36.4043 -39.0315 -41.729 
7.95793 8.6447 9.2599 9.80355 10.2756 10.6762 11.0051 11.2625 11.4484 11.5627 11.6054 11.5765 11.4761 11.3042 11.0606 10.7456 10.3589 9.9007 9.37093 8.7696 8.09671 7.35226 6.53625 5.64867 4.68954 3.65884 2.55658 1.38276 0.137383 -1.17956 -2.56806 -4.02813 -5.55975 -7.16293 -8.83768 -10.584 -12.4019 -14.2913 -16.2523 -18.2848 -20.3889 -22.5646 -24.8118 -27.1306 -29.521 -31.9829 -34.5164 -37.1214 -39.798 -42.5462 
8.29454 8.98502 9.6028 10.1479 10.6203 11.0199 11.3469 11.6012 11.7828 11.8917 11.9279 11.8914 11.7822 11.6003 11.3458 11.0185 10.6185 10.1458 9.60045 8.98237 8.29161 7.52814 6.69198 5.78312 4.80156 3.74731 2.62036 1.42071 0.148369 -1.19667 -2.61441 -4.10485 -5.66798 -7.30381 -9.01233 -10.7936 -12.6475 -14.5741 -16.5734 -18.6454 -20.7901 -23.0075 -25.2976 -27.6604 -30.0959 -32.6041 -35.185 -37.8386 -40.5649 -43.3639 
8.64185 9.3358 9.95592 10.5022 10.9747 11.3733 11.6981 11.949 12.1262 12.2295 12.2589 12.2145 12.0963 11.9043 11.6384 11.2987 10.8852 10.3978 9.8366 9.20156 8.49269 7.70999 6.85345 5.92308 4.91888 3.84085 2.68898 1.46328 0.163742 -1.20962 -2.65682 -4.17785 -5.77272 -7.44142 -9.18394 -11.0003 -12.8905 -14.8545 -16.8924 -19.0041 -21.1896 -23.449 -25.7822 -28.1892 -30.6701 -33.2248 -35.8533 -38.5556 -41.3318 -44.1818 
9 9.69721 10.3195 10.8667 11.339 11.7364 12.0587 12.3061 12.4786 12.576 12.5985 12.546 12.4186 12.2162 11.9388 11.5864 11.1591 10.6568 10.0796 9.42732 8.70012 7.89796 7.02082 6.06872 5.04165 3.93961 2.7626 1.51062 0.183674 -1.21824 -2.69513 -4.24698 -5.8738 -7.57559 -9.35235 -11.2041 -13.1308 -15.1325 -17.2091 -19.3607 -21.5873 -23.8888 -26.2653 -28.7168 -31.2432 -33.8447 -36.521 -39.2724 -42.0987 -45 
9.36917 10.0694 10.6935 11.2416 11.7135 12.1093 12.429 12.6727 12.8402 12.9316 12.9469 12.8861 12.7491 12.5361 12.247 11.8818 11.4405 10.923 10.3295 9.65983 8.91408 8.09223 7.19427 6.22021 5.17004 4.04377 2.84139 1.56291 0.208324 -1.22236 -2.72916 -4.31206 -5.97107 -7.70617 -9.51738 -11.4047 -13.3681 -15.4077 -17.5233 -19.715 -21.9829 -24.3268 -26.7469 -29.243 -31.8153 -34.4636 -37.1881 -39.9887 -42.8654 -45.8182 
9.74953 10.4526 11.0784 11.6269 12.0983 12.4924 12.8092 13.0488 13.2112 13.2963 13.3042 13.2348 13.0882 12.8644 12.5633 12.185 11.7294 11.1966 10.5865 9.89925 9.13473 8.29296 7.37396 6.37771 5.30422 4.1535 2.92553 1.62032 0.237869 -1.22182 -2.75875 -4.37292 -6.06434 -7.83299 -9.67888 -11.602 -13.6024 -15.68 -17.8349 -20.067 -22.3763 -24.7629 -27.2267 -29.7677 -32.386 -35.0816 -37.8544 -40.7044 -43.6316 -46.6361 
10.1412 10.8469 11.4741 12.023 12.4935 12.8856 13.1994 13.4347 13.5917 13.6703 13.6706 13.5924 13.4359 13.201 12.8877 12.4961 12.0261 11.4777 10.8509 10.1458 9.36223 8.50033 7.56005 6.54139 5.44436 4.26895 3.01517 1.683 0.272469 -1.21645 -2.78374 -4.42941 -6.15345 -7.95587 -9.83667 -11.7958 -13.8334 -15.9493 -18.1436 -20.4163 -22.7674 -25.1968 -27.7046 -30.2908 -32.9553 -35.6983 -38.5196 -41.4193 -44.3974 -47.4538 
10.5445 11.2525 11.8809 12.4299 12.8993 13.2893 13.5997 13.8306 13.982 14.0539 14.0462 13.9591 13.7924 13.5463 13.2206 12.8154 12.3307 11.7665 11.1228 10.3995 9.59676 8.71449 7.75272 6.71142 5.59062 4.39031 3.11048 1.75114 0.31229 -1.20607 -2.80395 -4.48134 -6.23824 -8.07465 -9.99058 -11.986 -14.061 -16.2154 -18.4494 -20.7629 -23.1559 -25.6284 -28.1804 -30.812 -33.523 -36.3136 -39.1837 -42.1332 -45.1623 -48.2709 
10.9594 11.6695 12.299 12.8478 13.316 13.7035 14.0103 14.2366 14.3821 14.4471 14.4313 14.335 14.158 13.9003 13.562 13.143 12.6434 12.0631 11.4022 10.6607 9.83847 8.93562 7.95212 6.88797 5.74317 4.51773 3.21164 1.82489 0.357498 -1.19054 -2.81922 -4.52856 -6.31854 -8.18917 -10.1405 -12.1724 -14.285 -16.4782 -18.7521 -21.1066 -23.5417 -26.0576 -28.654 -31.3311 -34.0889 -36.9273 -39.8464 -42.8461 -45.9264 -49.0874 
11.3862 12.0982 12.7284 13.2769 13.7435 14.1284 14.4315 14.6528 14.7924 14.8501 14.8261 14.7202 14.5326 14.2632 13.9121 13.4791 12.9644 12.3678 11.6895 10.9294 10.0875 9.16388 8.15843 7.0712 5.90218 4.65138 3.31879 1.90442 0.408268 -1.16967 -2.82939 -4.5709 -6.39418 -8.29926 -10.2861 -12.3548 -14.5052 -16.7374 -19.0514 -21.4472 -23.9247 -26.4841 -29.1252 -31.8481 -34.6528 -37.5393 -40.5076 -43.5576 -46.6895 -49.9031 
11.825 12.5387 13.1694 13.7173 14.1822 14.5643 14.8634 15.0795 15.2128 15.2631 15.2306 15.1151 14.9166 14.6353 14.271 13.8238 13.2937 12.6807 11.9848 11.2059 10.3441 9.39944 8.37182 7.26127 6.06781 4.79143 3.43213 1.98991 0.464764 -1.1433 -2.83428 -4.60818 -6.465 -8.40474 -10.4274 -12.533 -14.7215 -16.9929 -19.3473 -21.7845 -24.3047 -26.9078 -29.5938 -32.3628 -35.2146 -38.1494 -41.1671 -44.2677 -47.4513 -50.7177 
12.276 12.9911 13.6222 14.1693 14.6322 15.0112 15.306 15.5169 15.6436 15.6863 15.645 15.5196 15.3101 15.0166 14.639 14.1774 13.6317 13.002 12.2882 11.4903 10.6084 9.64246 8.59244 7.45836 6.24023 4.93805 3.5518 2.0815 0.527145 -1.11126 -2.83373 -4.64025 -6.53083 -8.50546 -10.5642 -12.7069 -14.9337 -17.2446 -19.6395 -22.1184 -24.6815 -27.3285 -30.0597 -32.8749 -35.7741 -38.7574 -41.8248 -44.9762 -48.2117 -51.5312 
12.7393 13.4557 14.0869 14.6329 15.0937 15.4693 15.7597 15.965 16.085 16.1199 16.0695 15.934 15.7133 15.4073 15.0162 14.5399 13.9784 13.3318 12.5999 11.7828 10.8806 9.89311 8.82047 7.66264 6.41961 5.0914 3.67799 2.17939 0.595592 -1.07339 -2.82756 -4.66693 -6.5915 -8.60125 -10.6962 -12.8763 -15.1416 -17.4922 -19.9279 -22.4488 -25.0549 -27.7462 -30.5226 -33.3843 -36.3312 -39.3632 -42.4805 -45.6829 -48.9705 -52.3433 
13.2152 13.9325 14.5636 15.1083 15.5668 15.9388 16.2246 16.424 16.5371 16.5639 16.5043 16.3584 16.1262 15.8077 15.4028 14.9116 14.3341 13.6702 12.9201 12.0836 11.1607 10.1516 9.05608 7.87426 6.60612 5.25164 3.81084 2.28371 0.670258 -1.02952 -2.81563 -4.68807 -6.64684 -8.69193 -10.8233 -13.0411 -15.3452 -17.7356 -20.2123 -22.7754 -25.4248 -28.1605 -30.9825 -33.8909 -36.8856 -39.9666 -43.134 -46.3876 -49.7277 -53.154 
13.7037 14.4219 15.0526 15.5958 16.0516 16.4199 16.7008 16.8942 17.0001 17.0186 16.9496 16.7931 16.5492 16.2178 15.7989 15.2926 14.6988 14.0176 13.2489 12.3927 11.4491 10.418 9.29943 8.0934 6.79991 5.41896 3.95055 2.39466 0.751324 -0.979481 -2.79775 -4.70349 -6.69668 -8.77734 -10.9455 -13.2011 -15.5441 -17.9746 -20.4926 -23.098 -25.791 -28.5713 -31.4392 -34.3944 -37.4372 -40.5674 -43.7851 -47.0903 -50.4829 -53.963 
14.2051 14.9238 15.554 16.0955 16.5484 16.9128 17.1885 17.3756 17.4742 17.4841 17.4054 17.2382 16.9823 16.6378 16.2048 15.6831 15.0728 14.374 13.5865 12.7105 11.7458 10.6925 9.55068 8.32022 7.00117 5.59351 4.09726 2.51239 0.838943 -0.923115 -2.77377 -4.71302 -6.74088 -8.85733 -11.0624 -13.356 -15.7383 -18.2091 -20.7686 -23.4166 -26.1533 -28.9785 -31.8924 -34.8948 -37.9859 -41.1655 -44.4338 -47.7906 -51.236 -54.7701 
14.7195 15.4386 16.0679 16.6075 17.0574 17.4175 17.6879 17.8685 17.9594 17.9606 17.8721 17.6938 17.4257 17.068 16.6205 16.0832 15.4563 14.7396 13.9331 13.037 12.051 10.9754 9.81002 8.5549 7.21005 5.77546 4.25114 2.63708 0.933289 -0.860237 -2.7435 -4.71651 -6.77924 -8.93171 -11.1739 -13.5058 -15.9275 -18.4389 -21.0401 -23.731 -26.5116 -29.3819 -32.342 -35.3919 -38.5314 -41.7607 -45.0797 -48.4885 -51.987 -55.5752 
15.2472 15.9663 16.5946 17.132 17.5786 17.9343 18.1991 18.373 18.4561 18.4483 18.3496 18.1601 17.8797 17.5084 17.0462 16.4932 15.8493 15.1145 14.2889 13.3724 12.365 11.2667 10.0776 8.79759 7.42672 5.96498 4.41237 2.76888 1.03453 -0.790695 -2.70679 -4.71377 -6.81161 -9.00032 -11.2799 -13.6504 -16.1117 -18.6639 -21.3069 -24.0409 -26.8657 -29.7814 -32.7879 -35.8853 -39.0736 -42.3528 -45.7229 -49.1838 -52.7355 -56.3782 
15.7881 16.5072 17.1342 17.6693 18.1123 18.4633 18.7223 18.8893 18.9643 18.9473 18.8383 18.6373 18.3443 17.9592 17.4822 16.9131 16.2521 15.499 14.6539 13.7169 12.6878 11.5667 10.3536 9.04847 7.65135 6.16224 4.58111 2.90797 1.14283 -0.714321 -2.66348 -4.70464 -6.83782 -9.06299 -11.3802 -13.7894 -16.2906 -18.8838 -21.569 -24.3462 -27.2154 -30.1767 -33.2299 -36.3752 -39.6124 -42.9417 -46.363 -49.8762 -53.4815 -57.1788 
16.3426 17.0613 17.6869 18.2193 18.6586 19.0047 19.2577 19.4176 19.4843 19.4578 19.3383 19.1255 18.8197 18.4207 17.9285 17.3432 16.6648 15.8932 15.0285 14.0706 13.0196 11.8754 10.6381 9.30769 7.88411 6.36739 4.75752 3.0545 1.25835 -0.630947 -2.61338 -4.68897 -6.8577 -9.11957 -11.4746 -13.9227 -16.464 -19.0985 -21.8261 -24.6468 -27.5607 -30.5677 -33.6678 -36.8611 -40.1476 -43.5272 -46.9999 -50.5658 -54.2248 -57.9769 
16.9108 17.629 18.2528 18.7824 19.2177 19.5587 19.8055 19.9579 20.0161 19.98 19.8497 19.625 19.3061 18.8929 18.3854 17.7836 17.0876 16.2972 15.4126 14.4338 13.3606 12.1932 10.9314 9.57544 8.12516 6.58061 4.94178 3.20866 1.38127 -0.540398 -2.55635 -4.66658 -6.87108 -9.16987 -11.5629 -14.0503 -16.6319 -19.3078 -22.078 -24.9424 -27.9012 -30.9542 -34.1015 -37.3431 -40.6789 -44.1091 -47.6335 -51.2522 -54.9651 -58.7724 
17.4929 18.2102 18.8321 19.3587 19.7898 20.1254 20.3657 20.5106 20.56 20.514 20.3727 20.1358 19.8036 19.376 18.853 18.2345 17.5206 16.7113 15.8066 14.8065 13.711 12.52 11.2337 9.85187 8.37468 6.80207 5.13405 3.3706 1.51175 -0.442516 -2.4922 -4.6373 -6.87781 -9.21374 -11.6451 -14.1718 -16.794 -19.5116 -22.3246 -25.233 -28.2368 -31.3361 -34.5307 -37.8208 -41.2063 -44.6872 -48.2635 -51.9353 -55.7024 -59.565 
18.0889 18.8053 19.425 19.9483 20.3749 20.7051 20.9386 21.0757 21.1161 21.0601 20.9074 20.6583 20.3125 19.8702 19.3314 18.696 17.9641 17.1356 16.2106 15.189 14.0709 12.8562 11.5449 10.1372 8.63282 7.03193 5.33449 3.5405 1.64996 -0.337132 -2.42077 -4.60096 -6.87771 -9.251 -11.7208 -14.2872 -16.9502 -19.7097 -22.5657 -25.5183 -28.5675 -31.7132 -34.9554 -38.2942 -41.7296 -45.2615 -48.8899 -52.6149 -56.4365 -60.3546 
18.6992 19.4143 20.0317 20.5514 20.9734 21.2978 21.5244 21.6534 21.6847 21.6182 21.4542 21.1924 20.8329 20.3758 19.8209 19.1684 18.4182 17.5703 16.6247 15.5814 14.4405 13.2018 11.8655 10.4315 8.89975 7.27036 5.54329 3.71852 1.79606 -0.224075 -2.3419 -4.55742 -6.87061 -9.2815 -11.7901 -14.3963 -17.1003 -19.9019 -22.8012 -25.7982 -28.8929 -32.0853 -35.3753 -38.7631 -42.2485 -45.8317 -49.5125 -53.291 -57.1672 -61.141 
19.3238 20.0374 20.6522 21.1682 21.5854 21.9037 22.1232 22.2439 22.2657 22.1888 22.013 21.7384 21.365 20.8927 20.3216 19.6517 18.883 18.0155 17.0491 15.9839 14.8199 13.5571 12.1954 10.7349 9.17565 7.51753 5.76058 3.90482 1.95023 -0.10318 -2.25541 -4.50647 -6.85635 -9.30505 -11.8526 -14.4989 -17.2441 -20.0881 -23.0309 -26.0725 -29.213 -32.4523 -35.7904 -39.2273 -42.763 -46.3976 -50.131 -53.9632 -57.8943 -61.9241 
19.963 20.6749 21.2869 21.7989 22.2109 22.523 22.7351 22.8473 22.8595 22.7718 22.5841 22.2964 21.9088 21.4212 20.8337 20.1462 19.3588 18.4714 17.484 16.3967 15.2094 13.9221 12.535 11.0478 9.46067 7.7736 5.98656 4.09957 2.11263 0.0257149 -2.16115 -4.44798 -6.83476 -9.3215 -11.9082 -14.5949 -17.3815 -20.2681 -23.2546 -26.3411 -29.5275 -32.8139 -36.2003 -39.6866 -43.2729 -46.9592 -50.7454 -54.6315 -58.6176 -62.7037 
20.6168 21.3268 21.9357 22.4435 22.8503 23.1559 23.3604 23.4639 23.4662 23.3675 23.1676 22.8667 22.4647 21.9616 21.3573 20.652 19.8456 18.9381 17.9295 16.8198 15.6091 14.2972 12.8842 11.3701 9.75499 8.03874 6.22139 4.30294 2.28341 0.162781 -2.05894 -4.38177 -6.80568 -9.33068 -11.9568 -14.684 -17.5123 -20.4417 -23.4721 -26.6037 -29.8364 -33.1701 -36.605 -40.1409 -43.778 -47.5161 -51.3554 -55.2957 -59.3371 -63.4796 
21.2855 21.9934 22.599 23.1024 23.5036 23.8025 23.9992 24.0937 24.086 23.976 23.7638 23.4494 23.0327 22.5138 21.8927 21.1693 20.3437 19.4159 18.3859 17.2536 16.0191 14.6824 13.2434 11.7022 10.0588 8.31312 6.46523 4.51511 2.46276 0.308186 -1.94862 -4.30766 -6.76892 -9.33243 -11.9981 -14.7661 -17.6363 -20.6087 -23.6834 -26.8603 -30.1394 -33.5207 -37.0043 -40.5901 -44.2781 -48.0684 -51.9608 -55.9556 -60.0525 -64.2517 
21.9692 22.6747 23.2769 23.7756 24.171 24.4631 24.6517 24.737 24.719 24.5975 24.3727 24.0446 23.6131 23.0782 22.4399 21.6983 20.8533 19.9049 18.8532 17.6981 16.4397 15.0778 13.6127 12.0441 10.3722 8.5969 6.71825 4.73623 2.65084 0.462101 -1.83001 -4.2255 -6.72435 -9.32656 -12.0321 -14.8411 -17.7534 -20.7691 -23.8881 -27.1105 -30.4363 -33.8654 -37.3979 -41.0338 -44.7731 -48.6157 -52.5616 -56.611 -60.7637 -65.0198 
22.6681 23.371 23.9695 24.4634 24.8528 25.1377 25.3181 25.394 25.3653 25.2322 24.9946 24.6525 24.2059 23.6548 22.9992 22.239 21.3744 20.4053 19.3317 18.1536 16.8709 15.4838 13.9922 12.396 10.6954 8.89025 6.98061 4.96646 2.84782 0.624676 -1.70297 -4.13512 -6.67178 -9.31293 -12.0586 -14.9087 -17.8634 -20.9226 -24.0862 -27.3544 -30.7271 -34.2042 -37.7859 -41.4721 -45.2627 -49.1579 -53.1576 -57.2618 -61.4705 -65.7836 
23.3824 24.0825 24.677 25.1658 25.549 25.8265 25.9984 26.0647 26.0253 25.8803 25.6296 25.2733 24.8114 24.2438 23.5706 22.7918 21.9073 20.9172 19.8215 18.6201 17.313 15.9004 14.3821 12.7581 11.0286 9.19334 7.25249 5.20599 3.05386 0.796097 -1.56731 -4.03635 -6.61103 -9.29135 -12.0773 -14.9689 -17.9661 -21.069 -24.2775 -27.5917 -31.0114 -34.5369 -38.1679 -41.9046 -45.7469 -49.6949 -53.7486 -57.9078 -62.1727 -66.5432 
24.1122 24.8093 25.3995 25.883 26.2598 26.5297 26.6929 26.7493 26.699 26.5418 26.2779 25.9072 25.4297 24.8455 24.1545 23.3567 22.4522 21.4408 20.3227 19.0978 17.7662 16.3278 14.7826 13.1306 11.3719 9.50634 7.53404 5.45498 3.26913 0.976521 -1.42287 -3.92903 -6.54197 -9.26167 -12.0882 -15.0214 -18.0614 -21.2083 -24.4618 -27.8222 -31.2893 -34.8632 -38.5439 -42.3313 -46.2255 -50.2265 -54.3343 -58.5489 -62.8701 -67.2982 
24.8577 25.5515 26.1374 26.6153 26.9854 27.2475 27.4018 27.4481 27.3865 27.217 26.9396 26.5543 26.0611 25.4599 24.7509 23.934 23.0091 21.9763 20.8356 19.587 18.2305 16.7661 15.1938 13.5136 11.7255 9.82941 7.82545 5.71358 3.4938 1.16612 -1.26947 -3.81298 -6.4644 -9.22372 -12.091 -15.0661 -18.1491 -21.3401 -24.639 -28.0458 -31.5605 -35.1831 -38.9136 -42.752 -46.6983 -50.7526 -54.9147 -59.1848 -63.5627 -68.0486 
25.6191 26.3094 26.8906 27.3628 27.726 27.9801 28.1251 28.1612 28.0881 27.9061 27.6149 27.2148 26.7056 26.0873 25.36 24.5237 23.5783 22.5238 21.3604 20.0878 18.7063 17.2156 15.616 13.9073 12.0895 10.1627 8.12687 5.98198 3.72804 1.36506 -1.10697 -3.68805 -6.37817 -9.17733 -12.0855 -15.1028 -18.2291 -21.4644 -24.8088 -28.2623 -31.8248 -35.4963 -39.2768 -43.1665 -47.1651 -51.2729 -55.4896 -59.8154 -64.2503 -68.7941 
26.3965 27.083 27.6594 28.1257 28.4817 28.7275 28.8632 28.8887 28.804 28.6091 28.3041 27.8888 27.3634 26.7278 25.982 25.126 24.1599 23.0836 21.8971 20.6004 19.1935 17.6765 16.0492 14.3118 12.4642 10.5064 8.43847 6.26033 3.97201 1.5735 -0.935181 -3.55405 -6.2831 -9.12233 -12.0717 -15.1313 -18.3011 -21.5811 -24.9712 -28.4715 -32.082 -35.8027 -39.6336 -43.5746 -47.6258 -51.7872 -56.0588 -60.4406 -64.9325 -69.5347 
27.1901 27.8727 28.444 28.904 29.2527 29.4901 29.6161 29.6308 29.5342 29.3263 29.0071 28.5766 28.0347 27.3815 26.6171 25.7412 24.7541 23.6557 22.4459 21.1248 19.6924 18.1487 16.4937 14.7274 12.8497 10.8607 8.76041 6.5488 4.22587 1.79162 -0.753948 -3.41084 -6.17904 -9.05855 -12.0494 -15.1515 -18.365 -21.6898 -25.1259 -28.6733 -32.3321 -36.1021 -39.9835 -43.9762 -48.0802 -52.2955 -56.6222 -61.0601 -65.6094 -70.27 
28 28.6785 29.2445 29.698 30.0392 30.2678 30.384 30.3878 30.2791 30.0579 29.7243 29.2782 28.7197 28.0487 27.2653 26.3694 25.3611 24.2403 23.0071 21.6614 20.2032 18.6327 16.9496 15.1541 13.2461 11.2257 9.09288 6.84756 4.4898 2.01958 -0.563095 -3.25823 -6.0658 -8.98584 -12.0183 -15.1633 -18.4207 -21.7905 -25.2728 -28.8676 -32.5748 -36.3944 -40.3265 -44.3711 -48.5281 -52.7976 -57.1795 -61.6739 -66.2807 -71 
