1 1 1 1 1 1 1 1 1 1 1 1 1 1 1 1 1 1 1 1 1 1 1 1 1 1 1 1 1 1 1 1 1 1 1 1 1 1 1 1 1 1 1 1 1 1 1 1 1 1 
1.00003 1.01486 1.02481 1.03476 1.04471 1.05466 1.06461 1.07456 1.08451 1.09446 1.10441 1.11436 1.1243 1.13425 1.1442 1.1493 1.14198 1.12982 1.11766 1.10549 1.09332 1.08116 1.06899 1.05682 1.04466 1.03249 1.02033 1.00816 0.995993 0.983827 0.97166 0.959494 0.947328 0.935161 0.922995 0.910829 0.898662 0.886496 0.874173 0.85563 0.825354 0.793816 0.762279 0.730742 0.699205 0.667668 0.636131 0.604594 0.573057 0.539973 
1.00022 1.03544 1.05796 1.07737 1.09675 1.11614 1.13553 1.15492 1.17431 1.19369 1.21308 1.23247 1.25186 1.27124 1.28867 1.2956 1.29058 1.27292 1.24899 1.22444 1.19989 1.17535 1.1508 1.12625 1.10171 1.07716 1.05261 1.02807 1.00352 0.978973 0.954427 0.92988 0.905333 0.880786 0.856239 0.831693 0.807146 0.781423 0.749931 0.70234 0.64281 0.579742 0.516673 0.453605 0.390537 0.327469 0.2644 0.201332 0.138911 0.0690931 
1.00075 1.05647 1.09586 1.12709 1.15543 1.18375 1.21207 1.24038 1.2687 1.29702 1.32533 1.35365 1.38197 1.41009 1.43028 1.43861 1.4389 1.41877 1.39027 1.355 1.31786 1.28072 1.24358 1.20644 1.1693 1.13216 1.09501 1.05787 1.02073 0.983591 0.94645 0.909309 0.872168 0.835027 0.797885 0.760733 0.72075 0.675007 0.620959 0.540552 0.452405 0.357811 0.263217 0.168624 0.0740302 -0.0205638 -0.115157 -0.209731 -0.299426 -0.412472 
1.00178 1.07501 1.13639 1.18065 1.22001 1.25679 1.29353 1.33026 1.367 1.40373 1.44047 1.4772 1.51394 1.54747 1.56916 1.57881 1.5847 1.56409 1.53194 1.49185 1.44533 1.39543 1.34548 1.29553 1.24558 1.19563 1.14568 1.09573 1.04578 0.995832 0.945882 0.895933 0.845984 0.796034 0.745601 0.691293 0.631568 0.56535 0.480856 0.370443 0.25384 0.12806 0.00194655 -0.124167 -0.25028 -0.376394 -0.502507 -0.626357 -0.74769 -0.904555 
1.00348 1.09156 1.17773 1.23645 1.28759 1.33452 1.37922 1.42386 1.46851 1.51315 1.55779 1.60244 1.64634 1.68251 1.70548 1.71637 1.72603 1.70877 1.67281 1.62789 1.5755 1.51711 1.45465 1.39168 1.32871 1.26574 1.20276 1.13979 1.07682 1.01385 0.950876 0.887904 0.824933 0.760559 0.692193 0.61875 0.539157 0.45104 0.32964 0.192137 0.0469039 -0.109477 -0.267104 -0.424731 -0.582358 -0.739986 -0.896974 -1.04648 -1.20772 -1.40699 
1.00601 1.10735 1.21658 1.29485 1.35701 1.41446 1.46839 1.52049 1.57253 1.62457 1.67661 1.72864 1.7769 1.81537 1.83942 1.85145 1.86329 1.85172 1.81278 1.76288 1.70447 1.63903 1.56805 1.49304 1.41683 1.34062 1.26442 1.18821 1.112 1.03579 0.959583 0.883241 0.804746 0.722588 0.635695 0.542992 0.443407 0.325982 0.169934 0.00578944 -0.168227 -0.354764 -0.543899 -0.733034 -0.922169 -1.11125 -1.29608 -1.47124 -1.67916 -1.91961 
1.00954 1.12411 1.25338 1.35437 1.42863 1.49584 1.55904 1.6194 1.67838 1.73731 1.79624 1.8541 1.90568 1.94623 1.97113 1.98422 1.99685 1.99019 1.95173 1.89671 1.83213 1.75949 1.68027 1.59597 1.50806 1.41845 1.32879 1.23913 1.14947 1.05981 0.969662 0.877301 0.781619 0.681541 0.575996 0.463909 0.343066 0.189994 0.00258363 -0.188424 -0.391374 -0.607775 -0.828403 -1.04904 -1.26968 -1.48856 -1.69886 -1.90709 -2.16104 -2.44225 
1.01425 1.14203 1.28865 1.41143 1.5028 1.57902 1.65073 1.7191 1.78533 1.85067 1.91586 1.97816 2.03283 2.07526 2.10079 2.11485 2.12735 2.12436 2.08928 2.02925 1.95837 1.87838 1.79078 1.69706 1.59869 1.49717 1.39404 1.29071 1.18738 1.08332 0.977364 0.868423 0.755429 0.637307 0.512985 0.381389 0.232358 0.0437562 -0.172234 -0.390325 -0.622362 -0.868666 -1.12058 -1.37271 -1.62437 -1.87052 -2.10451 -2.35435 -2.65276 -2.97473 
1.02029 1.16129 1.32288 1.4664 1.57837 1.66436 1.74381 1.81944 1.89243 1.96396 2.03457 2.10098 2.15854 2.20262 2.22857 2.24349 2.2556 2.25461 2.22267 2.16041 2.08307 1.9956 1.89947 1.79617 1.6872 1.57405 1.45818 1.34109 1.22337 1.10407 0.982142 0.856496 0.726065 0.589775 0.446551 0.294327 0.11107 -0.111839 -0.35434 -0.599737 -0.861013 -1.13737 -1.4204 -1.70398 -1.98475 -2.25634 -2.51664 -2.81267 -3.15417 -3.5169 
1.02783 1.18205 1.35659 1.51978 1.65155 1.75221 1.83866 1.92079 1.99978 2.07681 2.15243 2.22273 2.28296 2.32848 2.35466 2.37033 2.38181 2.38135 2.35155 2.29006 2.20613 2.11102 2.00621 1.89321 1.77349 1.64854 1.51986 1.38893 1.25657 1.12191 0.983884 0.84141 0.693418 0.538834 0.376584 0.197273 -0.0201201 -0.274737 -0.543557 -0.816483 -1.10715 -1.41372 -1.72782 -2.04199 -2.34996 -2.6452 -2.94015 -3.28168 -3.6651 -4.06859 
1.03704 1.20448 1.39059 1.57208 1.72259 1.84172 1.93563 2.02349 2.10772 2.1895 2.26961 2.34359 2.40627 2.45301 2.47933 2.49552 2.50613 2.50494 2.47629 2.41618 2.32743 2.22453 2.11091 1.98804 1.85743 1.72055 1.5789 1.43399 1.28688 1.13673 0.982481 0.823053 0.657374 0.484372 0.302111 0.0899875 -0.160534 -0.444428 -0.739705 -1.04039 -1.3606 -1.69752 -2.0427 -2.38582 -2.7192 -3.03666 -3.37469 -3.76106 -4.18537 -4.62963 
1.04808 1.22875 1.42632 1.62381 1.79199 1.92893 2.03507 2.12791 2.21663 2.30239 2.38627 2.46372 2.52863 2.57637 2.60275 2.61924 2.62874 2.62578 2.59728 2.53756 2.44686 2.33603 2.21344 2.08057 1.93892 1.78996 1.63519 1.47617 1.31418 1.14842 0.97782 0.801314 0.617825 0.42628 0.218014 -0.0268509 -0.309491 -0.620734 -0.942607 -1.27127 -1.62117 -1.98861 -2.36438 -2.73467 -3.09167 -3.43685 -3.81992 -4.25041 -4.71483 -5.19985 
1.06113 1.25502 1.46405 1.67547 1.86027 2.01394 2.13639 2.23442 2.32685 2.41585 2.50259 2.58329 2.65022 2.69875 2.7251 2.74164 2.7498 2.74426 2.71492 2.65457 2.5634 2.4454 2.3137 2.17068 2.01784 1.85666 1.68863 1.51536 1.33836 1.15686 0.969792 0.776083 0.574659 0.363705 0.124035 -0.152564 -0.466109 -0.803477 -1.15208 -1.50895 -1.88871 -2.28681 -2.69205 -3.08772 -3.46656 -3.84805 -4.27549 -4.74898 -5.2533 -5.77909 
1.07636 1.28346 1.50395 1.72757 1.92792 2.09728 2.23553 2.34336 2.43876 2.53023 2.61894 2.70246 2.7712 2.8203 2.84654 2.8629 2.86948 2.86096 2.82957 2.76762 2.67506 2.55253 2.41157 2.25826 2.09408 1.92053 1.7391 1.55144 1.35931 1.16195 0.958284 0.747248 0.527764 0.29187 0.0208528 -0.286471 -0.628976 -0.992477 -1.36796 -1.75326 -2.16302 -2.59194 -3.02492 -3.44418 -3.84474 -4.26993 -4.74105 -5.25639 -5.80063 -6.36717 
1.09391 1.31424 1.54619 1.78061 1.99546 2.17943 2.33244 2.45437 2.55271 2.64588 2.73581 2.82142 2.89174 2.9412 2.96724 2.98318 2.98794 2.97622 2.94164 2.87709 2.78215 2.65701 2.50694 2.34319 2.16754 1.98147 1.78648 1.58431 1.37692 1.16357 0.943187 0.714698 0.476399 0.210502 -0.0908551 -0.427896 -0.797785 -1.18756 -1.59005 -2.00402 -2.44393 -2.90372 -3.36218 -3.80324 -4.23305 -4.70214 -5.21626 -5.77248 -6.35663 -6.96394 
1.11398 1.34752 1.59094 1.83519 2.06339 2.26092 2.42761 2.56335 2.66905 2.76318 2.85356 2.94031 3.01201 3.06161 3.08736 3.10264 3.10536 3.09019 3.05151 2.98335 2.88505 2.75676 2.59971 2.42536 2.23809 2.03936 1.83067 1.61385 1.39108 1.16162 0.924389 0.678324 0.41613 0.120279 -0.210409 -0.576159 -0.972356 -1.38854 -1.81818 -2.26105 -2.73126 -3.22099 -3.70301 -4.16408 -4.63202 -5.14432 -5.70076 -6.29709 -6.92115 -7.56922 
1.13671 1.38348 1.63835 1.89231 2.13221 2.34224 2.52156 2.67005 2.78762 2.88248 2.97256 3.05933 3.13218 3.1817 3.20708 3.22146 3.22189 3.20304 3.15956 3.08681 2.98413 2.85171 2.68972 2.50467 2.30562 2.09409 1.87155 1.63995 1.40167 1.15598 0.90178 0.637479 0.346676 0.0218802 -0.337131 -0.730475 -1.15251 -1.59525 -2.05218 -2.52417 -3.02484 -3.54283 -4.04661 -4.52999 -5.0413 -5.59613 -6.1942 -6.83004 -7.49402 -8.18285 
1.16228 1.42227 1.68861 1.95226 2.20244 2.4239 2.61478 2.77497 2.90436 3.00414 3.09316 3.17862 3.25241 3.30164 3.32655 3.33981 3.33771 3.31494 3.26618 3.18784 3.0798 2.94225 2.77535 2.581 2.37003 2.14554 1.90902 1.6625 1.4086 1.14654 0.875247 0.58808 0.268717 -0.0840165 -0.470342 -0.89009 -1.33807 -1.8075 -2.29185 -2.79321 -3.32449 -3.86843 -4.39219 -4.90648 -5.46053 -6.05721 -6.69622 -7.37118 -8.07506 -8.80466 
1.19086 1.46407 1.74187 2.01522 2.27457 2.50642 2.7078 2.87861 3.01877 3.12815 3.21572 3.29887 3.37288 3.4216 3.44594 3.45783 3.45297 3.42605 3.37143 3.28683 3.17244 3.02875 2.85595 2.65423 2.43121 2.19362 1.94295 1.68139 1.41174 1.13319 0.844237 0.529845 0.18293 -0.196731 -0.609363 -1.05479 -1.52886 -2.02511 -2.53704 -3.06799 -3.63003 -4.19697 -4.73916 -5.29327 -5.88938 -6.52723 -7.20631 -7.92033 -8.66413 -9.43448 
1.22261 1.50904 1.7983 2.08136 2.34913 2.59028 2.8011 2.98149 3.13134 3.25055 3.3406 3.42067 3.49375 3.54175 3.56543 3.57572 3.56786 3.53609 3.47485 3.38363 3.26242 3.11162 2.93191 2.7235 2.48903 2.23819 1.97325 1.69651 1.41098 1.11582 0.805011 0.463453 0.0899953 -0.315587 -0.753545 -1.22441 -1.7247 -2.24792 -2.78754 -3.34834 -3.94071 -4.52766 -5.09361 -5.68999 -6.32748 -7.00582 -7.72424 -8.47732 -9.26104 -10.0722 
1.2577 1.55735 1.85807 2.15083 2.4266 2.67601 2.89521 3.08411 3.24259 3.37056 3.46792 3.5444 3.61519 3.66226 3.68517 3.69362 3.68249 3.64421 3.57594 3.47769 3.34945 3.19122 3.00363 2.78754 2.54339 2.27916 1.99979 1.70775 1.40622 1.09396 0.757298 0.389583 -0.0094091 -0.439897 -0.902642 -1.39875 -1.92542 -2.47573 -3.0432 -3.63406 -4.25458 -4.85969 -5.45834 -6.09631 -6.7745 -7.49265 -8.24986 -9.042 -9.86562 -10.7175 
1.2963 1.60917 1.92135 2.22381 2.50752 2.7641 2.99062 3.18697 3.35303 3.4887 3.59389 3.67041 3.73738 3.78329 3.80533 3.81171 3.79562 3.7499 3.67419 3.56849 3.43281 3.26714 3.07148 2.84673 2.5939 2.31641 2.02246 1.715 1.39734 1.06421 0.701778 0.308914 -0.114541 -0.56936 -1.05669 -1.57769 -2.13082 -2.70838 -3.30383 -3.925 -4.57077 -5.19369 -5.83299 -6.51187 -7.23009 -7.98735 -8.78299 -9.61419 -10.4777 -11.3704 
1.33856 1.66465 1.98829 2.30046 2.59212 2.85516 3.08786 3.29058 3.46315 3.60547 3.71743 3.79893 3.86051 3.90501 3.92609 3.9298 3.90621 3.85264 3.76907 3.65552 3.51198 3.33846 3.13494 2.90145 2.63919 2.34983 2.04116 1.71815 1.38393 1.02632 0.639131 0.22227 -0.225062 -0.704017 -1.21575 -1.7614 -2.34074 -2.94568 -3.56926 -4.22097 -4.88848 -5.5368 -6.21722 -6.93634 -7.69388 -8.48959 -9.32346 -10.1937 -11.0972 -12.0306 
1.38467 1.72398 2.05908 2.38095 2.6805 2.94985 3.18809 3.39578 3.57348 3.72137 3.83904 3.92637 3.98555 4.02768 4.0476 4.04563 4.01377 3.95193 3.8601 3.73828 3.58647 3.40468 3.1929 2.95113 2.67939 2.37926 2.05576 1.71708 1.36296 0.980992 0.570287 0.130002 -0.341013 -0.843912 -1.37984 -1.94996 -2.55499 -3.18745 -3.83938 -4.52179 -5.2069 -5.88982 -6.61068 -7.36934 -8.16552 -8.99907 -9.87112 -10.7804 -11.7238 -12.698 
1.43479 1.78732 2.13388 2.46545 2.77271 3.0483 3.29199 3.50437 3.68599 3.83742 3.95923 4.05134 4.11314 4.1515 4.16886 4.15831 4.11778 4.04726 3.94675 3.81625 3.65576 3.46529 3.24483 2.99438 2.71395 2.40358 2.06617 1.71144 1.33424 0.929257 0.495581 0.0320654 -0.462441 -0.98909 -1.54903 -2.14342 -2.7734 -3.43352 -4.11402 -4.82556 -5.52896 -6.2524 -7.01302 -7.81052 -8.6444 -9.51567 -10.4258 -11.3742 -12.3574 -13.3724 
1.48908 1.85483 2.21285 2.55412 2.86883 3.15056 3.39964 3.61662 3.80208 3.95657 4.08068 4.17495 4.23997 4.27664 4.28699 4.26735 4.21773 4.13811 4.02851 3.88892 3.71935 3.51978 3.29023 3.03069 2.74117 2.42166 2.07226 1.69864 1.29893 0.871423 0.414968 -0.0715859 -0.58939 -1.1396 -1.72336 -2.34182 -2.99614 -3.68371 -4.39301 -5.13022 -5.86078 -6.6242 -7.42387 -8.259 -9.13031 -10.0393 -10.9873 -11.9747 -12.9979 -14.0536 
1.54771 1.92668 2.29616 2.64713 2.96892 3.25672 3.51109 3.7326 3.92182 4.0793 4.20562 4.30134 4.36703 4.40262 4.40479 4.37582 4.31686 4.22791 4.10897 3.96005 3.78114 3.57224 3.33335 3.06447 2.76561 2.43664 2.07453 1.67935 1.25728 0.807443 0.328403 -0.180996 -0.721906 -1.29548 -1.90286 -2.54521 -3.22368 -3.93784 -4.67617 -5.43509 -6.20214 -7.00484 -7.84215 -8.71443 -9.62314 -10.5698 -11.5558 -12.582 -13.6451 -14.7415 
1.61085 2.00304 2.38398 2.74451 3.07306 3.36684 3.62643 3.85238 4.04527 4.20566 4.33411 4.43119 4.49723 4.53083 4.53043 4.49549 4.42802 4.33018 4.20235 4.04453 3.85672 3.63893 3.39115 3.11299 2.80156 2.45515 2.07542 1.65913 1.21247 0.738411 0.235936 -0.296211 -0.860032 -1.45678 -2.08759 -2.75363 -3.45605 -4.19573 -4.96332 -5.74615 -6.5527 -7.39312 -8.26729 -9.17669 -10.1228 -11.107 -12.1309 -13.1958 -14.2988 -15.436 
1.67866 2.08407 2.47648 2.84608 3.18131 3.481 3.74572 3.97603 4.17252 4.33573 4.46623 4.56447 4.63004 4.66028 4.6584 4.61912 4.54642 4.4414 4.30526 4.13906 3.94288 3.71622 3.45716 3.164 2.83521 2.47229 2.07505 1.63944 1.16897 0.670358 0.142827 -0.41465 -1.0031 -1.62353 -2.27759 -2.96713 -3.6933 -4.45727 -5.25405 -6.06675 -6.91118 -7.78817 -8.69919 -9.64568 -10.6291 -11.651 -12.7128 -13.8159 -14.9588 -16.1368 
1.75131 2.16995 2.57382 2.95192 3.29374 3.59925 3.86903 4.10363 4.30362 4.46957 4.60201 4.70088 4.76494 4.79143 4.78835 4.74471 4.66662 4.55546 4.41233 4.23824 4.03283 3.79445 3.52144 3.21217 2.8677 2.48886 2.07359 1.61882 1.12646 0.603861 0.0518474 -0.530612 -1.14454 -1.79096 -2.4709 -3.18538 -3.93549 -4.72328 -5.54625 -6.3956 -7.27634 -8.1899 -9.13773 -10.1213 -11.1421 -12.2015 -13.3011 -14.4423 -15.625 -16.8437 
1.82898 2.26083 2.67616 3.0621 3.41043 3.72168 3.99643 4.23523 4.43865 4.60731 4.74138 4.84038 4.90197 4.92464 4.91941 4.87223 4.78842 4.67082 4.5205 4.33814 4.12232 3.87132 3.58348 3.25939 2.89994 2.5048 2.07123 1.59723 1.08454 0.538552 -0.0373711 -0.644239 -1.28307 -1.9549 -2.66075 -3.40164 -4.1786 -4.99266 -5.84562 -6.73108 -7.6481 -8.59819 -9.5828 -10.6034 -11.6615 -12.7585 -13.8959 -15.0752 -16.2972 -17.5567 
1.91182 2.35689 2.78351 3.17668 3.53144 3.84835 4.12799 4.37091 4.5778 4.74908 4.8843 4.98286 5.0413 5.06009 5.05177 5.00161 4.91183 4.78745 4.62963 4.43823 4.21111 3.94661 3.64484 3.30671 2.93203 2.5201 2.06815 1.57485 1.04227 0.474058 -0.1252 -0.755902 -1.41907 -2.11574 -2.84692 -3.61364 -4.41754 -5.26262 -6.1486 -7.07212 -8.0263 -9.01293 -10.0343 -11.092 -12.1873 -13.3219 -14.4971 -15.7144 -16.9752 -18.2755 
2 2.45829 2.89544 3.29573 3.65685 3.97934 4.26379 4.51091 4.72141 4.89485 5.03072 5.12795 5.18313 5.19794 5.18571 5.13206 5.03681 4.90534 4.73964 4.53829 4.29901 4.02149 3.70662 3.3542 2.96404 2.53496 2.06452 1.55186 0.999325 0.410011 -0.212009 -0.865973 -1.5529 -2.27383 -3.03003 -3.82375 -4.65688 -5.53493 -6.45298 -7.41486 -8.4077 -9.43298 -10.4921 -11.5868 -12.7194 -13.8915 -15.1044 -16.3598 -17.659 -19 
2.09369 2.56521 3.01201 3.41934 3.78672 4.11471 4.40409 4.65581 4.86947 5.04457 5.18059 5.27577 5.32762 5.33839 5.32151 5.26359 5.16334 5.02447 4.85031 4.63812 4.38681 4.09713 3.7689 3.40194 2.99602 2.54954 2.06052 1.52845 0.95589 0.345939 -0.298168 -0.974819 -1.68501 -2.43053 -3.2132 -4.0348 -4.90321 -5.8074 -6.75878 -7.75897 -8.79028 -9.8544 -10.9527 -12.0866 -13.2576 -14.4672 -15.7179 -17.0113 -18.3487 -19.73 
2.19306 2.67779 3.13327 3.54756 3.92112 4.25476 4.5497 4.8056 5.02194 5.19821 5.33383 5.42649 5.47495 5.4816 5.45945 5.39648 5.29098 5.14482 4.96142 4.73824 4.47569 4.17359 3.83177 3.45003 3.028 2.56402 2.05634 1.50479 0.912147 0.281511 -0.384051 -1.08309 -1.81707 -2.58778 -3.39701 -4.24877 -5.15543 -6.0819 -7.06645 -8.10443 -9.1741 -10.2769 -11.4142 -12.5876 -13.7982 -15.0477 -16.3373 -17.6687 -19.0444 -20.4653 
2.29827 2.79607 3.2593 3.68046 4.06038 4.40054 4.70067 4.96025 5.17877 5.35571 5.49023 5.58031 5.62531 5.62775 5.59981 5.53101 5.41948 5.26637 5.07326 4.83976 4.56573 4.25097 3.89531 3.49854 3.06016 2.57859 2.05216 1.48106 0.868274 0.216892 -0.470024 -1.19158 -1.94943 -2.74538 -3.58149 -4.47191 -5.40422 -6.35843 -7.37622 -8.45124 -9.5592 -10.7005 -11.8767 -13.0892 -14.3395 -15.6289 -16.9588 -18.3307 -19.7458 -21.2059 
2.40949 2.91937 3.39016 3.81838 4.20577 4.55213 4.85695 5.11972 5.33992 5.51704 5.64997 5.73739 5.77888 5.77702 5.74286 5.66745 5.54911 5.38964 5.18672 4.94273 4.657 4.32935 3.9596 3.54756 3.09267 2.59342 2.04815 1.45745 0.824454 0.152262 -0.555955 -1.30006 -2.08182 -2.90302 -3.77269 -4.70142 -5.65005 -6.63695 -7.68808 -8.79941 -9.9456 -11.1252 -12.3401 -13.5916 -14.8813 -16.2105 -17.5806 -18.993 -20.449 -21.9514 
2.52689 3.04766 3.52619 3.9628 4.35741 4.70948 5.0185 5.28397 5.50535 5.68212 5.8132 5.89792 5.93583 5.92957 5.88888 5.80621 5.6819 5.5162 5.30179 5.04702 4.74943 4.40873 4.02471 3.59721 3.12572 2.6087 2.0445 1.43413 0.780864 0.087879 -0.641562 -1.40824 -2.21393 -3.06354 -3.97167 -4.92862 -5.8971 -6.91746 -8.00201 -9.14896 -10.3333 -11.5512 -12.8045 -14.0949 -15.4238 -16.7926 -18.2027 -19.6555 -21.1529 -22.7018 
2.65064 3.18126 3.6691 4.11394 4.51526 4.87254 5.18527 5.45294 5.67502 5.85096 5.98013 6.06207 6.09633 6.0856 6.03819 5.94881 5.81957 5.64611 5.42025 5.15281 4.8432 4.48927 4.09083 3.6477 3.15948 2.6246 2.04139 1.41128 0.737688 0.0241321 -0.72656 -1.51584 -2.34624 -3.23161 -4.17618 -5.15245 -6.14603 -7.19995 -8.31797 -9.49988 -10.7223 -11.9783 -13.27 -14.5991 -15.9671 -17.3753 -18.8254 -20.3191 -21.8587 -23.4568 
2.7809 3.32156 3.81866 4.27126 4.67885 5.04092 5.35695 5.62643 5.84884 6.02373 6.15092 6.23002 6.26058 6.24526 6.19116 6.09584 5.96219 5.77933 5.5425 5.26142 4.93852 4.5712 4.15817 3.69924 3.19414 2.64129 2.03899 1.38909 0.695104 -0.0386925 -0.810665 -1.62259 -2.4845 -3.40545 -4.37957 -5.37295 -6.39682 -7.48439 -8.63596 -9.8522 -11.1126 -12.4068 -13.7367 -15.1043 -16.5111 -17.9589 -19.4494 -20.9842 -22.5689 -24.2164 
2.91783 3.46491 3.97112 4.4316 4.84561 5.21264 5.53216 5.80366 6.02664 6.2006 6.32576 6.40195 6.42875 6.40874 6.34816 6.24766 6.10842 5.91583 5.66839 5.37413 5.03606 4.65472 4.22694 3.75205 3.22987 2.65897 2.03749 1.36774 0.653452 -0.10031 -0.893594 -1.73214 -2.62845 -3.58314 -4.57987 -5.59178 -6.64945 -7.77077 -8.95596 -10.2059 -11.5042 -12.8364 -14.2045 -15.6105 -17.0563 -18.5438 -20.0747 -21.6507 -23.2838 -24.9802 
3.06161 3.61301 4.12591 4.59441 5.01514 5.38742 5.71074 5.98458 6.20842 6.38176 6.50482 6.57804 6.60101 6.57622 6.5095 6.4046 6.25801 6.05556 5.79778 5.49076 5.13777 4.74014 4.29735 3.80635 3.26686 2.6778 2.03707 1.3474 0.61331 -0.160437 -0.976334 -1.84731 -2.77619 -3.76048 -4.77714 -5.81226 -6.90391 -8.05906 -9.27793 -10.5613 -11.8972 -13.2674 -14.6735 -16.1179 -17.6028 -19.1301 -20.7014 -22.3212 -24.0032 -25.7483 
3.2124 3.76772 4.28554 4.75981 5.18744 5.56529 5.8927 6.16918 6.39419 6.56724 6.68827 6.75847 6.77756 6.74786 6.67553 6.56691 6.41091 6.19848 5.93052 5.61119 5.24371 4.82942 4.36963 3.86234 3.30536 2.69798 2.03791 1.32826 0.574972 -0.218874 -1.06382 -1.96618 -2.92577 -3.93503 -4.97144 -6.03445 -7.16017 -8.34926 -9.60186 -10.9187 -12.2915 -13.6996 -15.1437 -16.6265 -18.1506 -19.7177 -21.3295 -22.9963 -24.7268 -26.5204 
3.37037 3.93319 4.4511 4.93014 5.36264 5.74625 6.07807 6.35748 6.58397 6.75703 6.87631 6.94342 6.95855 6.92386 6.84661 6.73319 6.56708 6.34455 6.06644 5.73525 5.35372 4.92321 4.44505 3.92025 3.34561 2.71967 2.04019 1.31072 0.538723 -0.279783 -1.15493 -2.08683 -3.07479 -4.10686 -5.16284 -6.25835 -7.41823 -8.64133 -9.92773 -11.2781 -12.6871 -14.133 -15.6152 -17.1364 -18.6996 -20.3066 -21.9608 -23.6759 -25.4544 -27.2963 
3.53569 4.10997 4.62294 5.10651 5.54283 5.93039 6.26685 6.54951 6.77778 6.95114 7.06911 7.13307 7.14418 7.10437 7.02306 6.90283 6.72648 6.49372 6.2054 5.86279 5.46766 5.02138 4.52526 3.98067 3.38783 2.74305 2.04408 1.29556 0.503015 -0.344233 -1.24774 -2.20733 -3.22137 -4.276 -5.354 -6.48393 -7.67806 -8.93526 -10.2555 -11.6394 -13.0842 -14.5678 -16.0878 -17.6476 -19.2501 -20.897 -22.5968 -24.3597 -26.1857 -28.0759 
3.70852 4.29809 4.80245 5.28927 5.72918 6.11963 6.4591 6.74526 6.97561 7.1496 7.26671 7.32759 7.33462 7.28966 7.20522 7.07578 6.88908 6.64597 6.34729 5.99357 5.58538 5.12376 4.61014 4.04586 3.43226 2.76832 2.04978 1.28277 0.46412 -0.410305 -1.34022 -2.32597 -3.36551 -4.44252 -5.54675 -6.71117 -7.93965 -9.23102 -10.5852 -12.0027 -13.4826 -15.0038 -16.5617 -18.1601 -19.8019 -21.4899 -23.2373 -25.0475 -26.9204 -28.859 
3.88903 4.49443 4.99278 5.47878 5.92203 6.31512 6.65655 6.94478 7.1775 7.3524 7.46897 7.52716 7.53006 7.48022 7.39193 7.252 7.05482 6.80121 6.49133 6.12555 5.7045 5.22881 4.6991 4.11599 3.48098 2.79575 2.05774 1.26833 0.423966 -0.475364 -1.43052 -2.44237 -3.50727 -4.60646 -5.74105 -6.94007 -8.20297 -9.5286 -10.9168 -12.368 -13.8823 -15.4412 -17.0368 -18.6739 -20.3551 -22.0874 -23.8819 -25.739 -27.6585 -29.6454 
4.07739 4.69632 5.19416 5.6754 6.12175 6.51724 6.86037 7.14961 7.38345 7.55957 7.6759 7.73197 7.73066 7.67642 7.58199 7.43146 7.22365 6.95843 6.6359 6.25667 5.82138 5.33065 4.78511 4.18538 3.53208 2.82585 2.06703 1.25394 0.385909 -0.537945 -1.51849 -2.55658 -3.6467 -4.76818 -5.9369 -7.17059 -8.46801 -9.82797 -11.2502 -12.7352 -14.2835 -15.8799 -17.5134 -19.1892 -20.9103 -22.6892 -24.5304 -26.4339 -28.3998 -30.435 
4.27376 4.90409 5.40661 5.88061 6.32868 6.72633 7.07092 7.36093 7.59483 7.77113 7.88751 7.94212 7.93662 7.87858 7.77537 7.6141 7.39436 7.1159 6.77932 6.38526 5.93434 5.42718 4.86443 4.24762 3.57816 2.85697 2.07826 1.24226 0.35041 -0.598121 -1.6042 -2.66871 -3.78385 -4.93062 -6.13426 -7.40273 -8.73466 -10.129 -11.5854 -13.1043 -14.6862 -16.3199 -17.9912 -19.7059 -21.4699 -23.2952 -25.1826 -27.132 -29.1441 -31.2276 
4.47831 5.11806 5.63015 6.09653 6.54319 6.94276 7.28856 7.57908 7.81281 7.98823 8.10382 8.15733 8.1481 8.08604 7.97201 7.79859 7.56502 7.27192 6.91991 6.50966 6.04269 5.52021 4.94314 4.31236 3.62876 2.89233 2.09195 1.23321 0.317393 -0.655969 -1.68774 -2.77881 -3.91878 -5.09447 -6.33314 -7.6364 -9.00278 -10.4317 -11.9225 -13.4752 -15.0907 -16.7612 -18.4705 -20.2242 -22.0338 -23.9051 -25.8382 -27.8332 -29.8912 -32.0231 
4.69121 5.33854 5.86481 6.32323 6.76562 7.16686 7.51364 7.80444 8.03775 8.21205 8.32582 8.37756 8.36529 8.2969 8.1706 7.98275 7.73402 7.42583 7.0593 6.6353 6.15473 5.6185 5.02749 4.3826 3.68474 2.93049 2.1081 1.22661 0.286782 -0.711564 -1.76919 -2.88694 -4.05153 -5.25972 -6.5335 -7.87134 -9.27223 -10.7357 -12.2611 -13.848 -15.4972 -17.2039 -18.9512 -20.7465 -22.6019 -24.5187 -26.4971 -28.537 -30.6409 -32.8212 
4.91263 5.56587 6.1106 6.56074 6.99737 7.399 7.74652 8.03735 8.27 8.44293 8.55465 8.60363 8.58835 8.50995 8.36952 8.16788 7.90591 7.58452 7.2046 6.76705 6.27275 5.72262 5.11754 4.45841 3.74609 2.97159 2.12683 1.22223 0.258495 -0.764983 -1.84861 -2.99314 -4.18297 -5.42636 -6.73506 -8.10743 -9.54288 -11.0409 -12.601 -14.2226 -15.9056 -17.6479 -19.4334 -21.2731 -23.1738 -25.1357 -27.1588 -29.2434 -31.3932 -33.6218 
5.14272 5.80037 6.36645 6.80906 7.23961 7.63954 7.98755 8.27817 8.50991 8.68124 8.79066 8.83664 8.81799 8.72745 8.57419 8.35954 8.08439 7.74965 7.3562 6.90495 6.3968 5.83263 5.21334 4.53983 3.81159 3.01575 2.14828 1.22018 0.232297 -0.816302 -1.92608 -3.09747 -4.31552 -5.59427 -6.93756 -8.3445 -9.81458 -11.3473 -12.9421 -14.5984 -16.3158 -18.0933 -19.919 -21.8037 -23.7493 -25.7558 -27.8233 -29.952 -32.1479 -34.4248 
5.38167 6.04234 6.62858 7.06824 7.49235 7.88884 8.23708 8.52726 8.75785 8.92733 9.03421 9.07737 9.05533 8.95278 8.78576 8.55796 8.2695 7.92127 7.51416 7.04908 6.52692 5.94858 5.31494 4.62691 3.88069 3.06313 2.17259 1.22061 0.208185 -0.86563 -2.00168 -3.19997 -4.44932 -5.76298 -7.14086 -8.58244 -10.0872 -11.6546 -13.2842 -14.9753 -16.7276 -18.5401 -20.4089 -22.3383 -24.3282 -26.3788 -28.4902 -30.6629 -32.9046 -35.2299 
5.62963 6.29213 6.89694 7.33828 7.75563 8.14789 8.49548 8.78496 9.01416 9.18159 9.28609 9.32643 9.30039 9.18962 9.00434 8.76321 8.46129 8.09943 7.67853 7.19948 6.66317 6.07051 5.42239 4.71951 3.95352 3.11388 2.19988 1.22364 0.186293 -0.913102 -2.07549 -3.3007 -4.58402 -5.93229 -7.34483 -8.8211 -10.3606 -11.9628 -13.6272 -15.3531 -17.14 -18.9885 -20.9022 -22.8761 -24.9101 -27.0045 -29.1594 -31.3758 -33.6634 -36.037 
5.88677 6.55014 7.17187 7.61922 8.02947 8.41716 8.76309 9.05163 9.27925 9.44468 9.54663 9.58384 9.55318 9.43818 9.23262 8.97533 8.65982 8.2842 7.84936 7.3562 6.80561 6.1985 5.53575 4.81657 4.03023 3.16813 2.23031 1.22941 0.166754 -0.958605 -2.14761 -3.40103 -4.71909 -6.10182 -7.5487 -9.05926 -10.633 -12.2694 -13.968 -15.7283 -17.5498 -19.4366 -21.3936 -23.4132 -25.4924 -27.6313 -29.8302 -32.0905 -34.4241 -36.846 
6.15327 6.81735 7.45368 7.91107 8.31388 8.69667 9.04028 9.32767 9.55359 9.71675 9.81585 9.84962 9.81369 9.69462 9.47222 9.19534 8.86513 8.47561 8.02669 7.51928 6.95428 6.33258 5.65507 4.91804 4.11096 3.22602 2.26398 1.23805 0.149703 -1.002 -2.21802 -3.49884 -4.85019 -6.26679 -7.74771 -9.29247 -10.9006 -12.5715 -14.3048 -16.1 -17.958 -19.8844 -21.8816 -23.948 -26.0735 -28.2581 -30.5022 -32.8068 -35.1864 -37.6566 
6.42928 7.09408 7.74269 8.21385 8.6089 8.98645 9.32735 9.61331 9.83724 9.99782 10.0938 10.1237 10.0819 9.95807 9.72337 9.42573 9.07745 8.67372 8.21059 7.6888 7.10924 6.47281 5.78005 5.02405 4.19587 3.28769 2.30105 1.2497 0.135273 -1.04317 -2.28536 -3.59206 -4.97523 -6.42576 -7.9412 -9.52065 -11.1636 -12.8696 -14.6381 -16.4687 -18.3655 -20.3318 -22.367 -24.4801 -26.653 -28.8845 -31.1748 -33.5247 -35.9502 -38.4688 
6.71497 7.38048 8.03923 8.52744 8.91453 9.28651 9.62437 9.9086 10.1302 10.2879 10.3804 10.4059 10.3579 10.2286 9.98629 9.66681 9.29882 8.87859 8.40111 7.86479 7.27053 6.61923 5.91011 5.13476 4.28508 3.35326 2.34164 1.26448 0.123598 -1.08196 -2.34528 -3.68117 -5.09542 -6.57955 -8.1296 -9.74422 -11.4225 -13.164 -14.9682 -16.836 -18.7722 -20.7785 -22.8527 -25.0091 -27.2305 -29.5099 -31.8476 -34.2439 -36.7153 -39.2823 
7.01052 7.67675 8.34363 8.84865 9.23082 9.59689 9.93136 10.2136 10.4326 10.5871 10.6758 10.6962 10.6417 10.5062 10.26 9.91881 9.53003 9.09115 8.59829 8.04731 7.43822 6.77191 6.0454 5.2503 4.37876 3.42287 2.38588 1.28254 0.11481 -1.11654 -2.39985 -3.76625 -5.21121 -6.729 -8.31364 -9.96359 -11.6777 -13.4552 -15.2957 -17.202 -19.1781 -21.2246 -23.3387 -25.5347 -27.8055 -30.1341 -32.5203 -34.9643 -37.4817 -40.0969 
7.31608 7.98303 8.65619 9.17645 9.55777 9.91759 10.2484 10.5282 10.7443 10.8953 10.98 10.9946 10.9332 10.7909 10.5406 10.182 9.77131 9.31269 8.80237 8.23641 7.61235 6.93054 6.18604 5.37082 4.47703 3.49666 2.43392 1.304 0.109068 -1.14382 -2.45026 -3.84738 -5.32331 -6.87389 -8.49384 -10.1794 -11.9296 -13.7436 -15.6214 -17.5666 -19.5828 -21.6697 -23.8247 -26.06 -28.3777 -30.7565 -33.1923 -35.6854 -38.249 -40.9126 
7.63183 8.29949 8.97725 9.51118 9.89542 10.2487 10.5754 10.8525 11.0654 11.2127 11.2929 11.3012 11.2324 11.0828 10.8276 10.4565 10.0229 9.54344 9.01444 8.43214 7.79297 7.09507 6.33219 5.49646 4.58005 3.57475 2.48588 1.32901 0.108333 -1.16301 -2.4966 -3.92465 -5.43179 -7.01437 -8.66994 -10.3918 -12.1786 -14.0295 -15.9454 -17.9297 -19.9863 -22.1138 -24.3104 -26.5858 -28.9466 -31.3767 -33.8633 -36.4066 -39.0171 -41.7291 
7.95793 8.6263 9.30712 9.85316 10.2438 10.5901 10.9124 11.1866 11.396 11.5391 11.6144 11.6159 11.5395 11.3818 11.1211 10.7426 10.285 9.78364 9.23488 8.63495 7.98013 7.26561 6.48398 5.62738 4.68795 3.65729 2.5419 1.35778 0.114336 -1.17404 -2.53895 -3.99815 -5.53674 -7.15151 -8.8417 -10.6006 -12.4247 -14.3133 -16.2673 -18.2912 -20.3885 -22.5568 -24.7954 -27.112 -29.5136 -31.9944 -34.5329 -37.1275 -39.7859 -42.5462 
8.29455 8.96364 9.64614 10.2027 10.6029 10.9419 11.2595 11.5305 11.736 11.8747 11.9445 11.9388 11.8543 11.6882 11.4211 11.0383 10.5578 10.0335 9.4639 8.84527 8.17385 7.44233 6.64157 5.7637 4.80089 3.7444 2.60211 1.3917 0.127852 -1.18037 -2.57739 -4.06796 -5.63825 -7.28544 -9.00907 -10.8055 -12.6677 -14.5945 -16.5872 -18.6508 -20.7891 -22.9984 -25.2795 -27.6382 -30.0816 -32.609 -35.2005 -37.8477 -40.5552 -43.3639 
8.64185 9.31165 9.99461 10.5601 10.9727 11.3042 11.6167 11.8841 12.0855 12.2195 12.2831 12.2698 12.1769 12.0017 11.7278 11.3399 10.8417 10.2933 9.70174 9.06332 8.37428 7.62537 6.80509 5.90558 4.919 3.83623 2.66667 1.43179 0.14965 -1.18268 -2.612 -4.13415 -5.7364 -7.41626 -9.17329 -11.0063 -12.9072 -14.8731 -16.9048 -19.0086 -21.1879 -23.4386 -25.7624 -28.1641 -30.6501 -33.2207 -35.8659 -38.5666 -41.3249 -44.1819 
9 9.67052 10.3529 10.9258 11.3518 11.6769 11.9841 12.2475 12.4444 12.5734 12.6302 12.609 12.5073 12.3226 12.041 11.6474 11.1367 10.5632 9.94862 9.28933 8.58156 7.81486 6.97469 6.05316 5.04237 3.9329 2.73604 1.47881 0.180503 -1.18104 -2.64287 -4.19683 -5.83127 -7.54405 -9.33472 -11.2028 -13.1432 -15.1488 -17.2201 -19.3643 -21.5848 -23.8773 -26.244 -28.6896 -31.2189 -33.8328 -36.5285 -39.2839 -42.0947 -45 
9.36917 10.0404 10.7212 11.3 11.7379 12.0601 12.3615 12.6207 12.8129 12.9365 12.9859 12.9564 12.8455 12.6508 12.3609 11.9609 11.4431 10.8434 10.2048 9.52353 8.79594 8.01096 7.15051 6.20658 5.1711 4.03455 2.81101 1.53353 0.219339 -1.17554 -2.67008 -4.25605 -5.92294 -7.66889 -9.49345 -11.3962 -13.3752 -15.4213 -17.5329 -19.7177 -21.9796 -24.3142 -26.7242 -29.2142 -31.7879 -34.4459 -37.1879 -39.9992 -42.8645 -45.8182 
9.74953 10.4215 11.1 11.683 12.1313 12.4538 12.7491 13.0038 13.191 13.3085 13.3501 13.3119 13.1916 12.9865 12.6875 12.2804 11.7574 11.1342 10.4704 9.76614 9.01766 8.21381 7.3327 6.36599 5.30534 4.14131 2.89232 1.59674 0.262306 -1.16626 -2.69371 -4.31193 -6.0115 -7.79086 -9.64956 -11.5871 -13.6031 -15.6904 -17.843 -20.0689 -22.3724 -24.7492 -27.2029 -29.7378 -32.3566 -35.0596 -37.8464 -40.712 -43.6337 -46.6361 
10.1412 10.8139 11.4895 12.0752 12.5323 12.858 13.1469 13.3967 13.5785 13.6895 13.7229 13.6757 13.5454 13.3296 13.0208 12.6059 12.0771 11.4359 10.7458 10.0174 9.24694 8.42354 7.5214 6.53153 5.4452 4.25332 2.98077 1.66919 0.30917 -1.15329 -2.71385 -4.36452 -6.09703 -7.91006 -9.80314 -11.7758 -13.8276 -15.9558 -18.1503 -20.4175 -22.7628 -25.1823 -27.6799 -30.2602 -32.9249 -35.6737 -38.5062 -41.4219 -44.4012 -47.4538 
10.5445 11.2179 11.8901 12.477 12.9412 13.2727 13.5549 13.7996 13.9757 14.0794 14.1042 14.0476 13.9071 13.6801 13.3608 12.9374 12.4021 11.7486 11.0311 10.2775 9.48401 8.64031 7.71676 6.70334 5.59084 4.37071 3.07712 1.75166 0.359849 -1.1367 -2.73057 -4.41393 -6.17962 -8.02656 -9.95427 -11.9623 -14.0502 -16.2173 -18.4546 -20.7635 -23.1507 -25.6132 -28.1556 -30.782 -33.4928 -36.2879 -39.167 -42.1295 -45.1665 -48.2709 
10.9594 11.6335 12.3021 12.8885 13.3584 13.698 13.9731 14.2123 14.3825 14.4782 14.4942 14.4278 14.2766 14.0381 13.7077 13.2751 12.7325 12.0722 11.3267 10.5468 9.72911 8.86425 7.91891 6.88157 5.74237 4.49382 3.18214 1.84115 0.41426 -1.11658 -2.74396 -4.46023 -6.25936 -8.14044 -10.103 -12.1467 -14.2709 -16.4753 -18.7556 -21.1067 -23.5361 -26.042 -28.6306 -31.3035 -34.0608 -36.9025 -39.8285 -42.8382 -45.9291 -49.0874 
11.3862 12.061 12.7258 13.3102 13.7841 14.1334 14.4016 14.635 14.7987 14.8861 14.8927 14.8161 14.6539 14.4036 14.0614 13.6189 13.0683 12.402 11.6326 10.8254 9.98245 9.09552 8.12801 7.06637 5.89994 4.6241 3.2966 1.93448 0.472321 -1.09301 -2.75411 -4.5035 -6.33631 -8.2518 -10.2495 -12.329 -14.4898 -16.7315 -19.0529 -21.4471 -23.9187 -26.4699 -29.1054 -31.8253 -34.6295 -37.5181 -40.4909 -43.5481 -46.6888 -49.9031 
11.825 12.5005 13.1616 13.7424 14.2188 14.5766 14.8403 15.0676 15.2243 15.3028 15.2998 15.2127 15.0391 14.7765 14.4219 13.9689 13.4097 12.7366 11.9492 11.1135 10.2443 9.33426 8.34419 7.25787 6.06368 4.76248 3.42129 2.03157 0.533948 -1.06608 -2.76108 -4.54384 -6.41057 -8.36071 -10.3938 -12.5094 -14.707 -16.9862 -19.3465 -21.7842 -24.2994 -26.8978 -29.5806 -32.3478 -35.1992 -38.1351 -41.1552 -44.2597 -47.4486 -50.7177 
12.276 12.9522 13.6095 14.1853 14.6627 15.0275 15.2893 15.5103 15.6592 15.7286 15.7155 15.6175 15.4322 15.1569 14.7894 14.3251 13.7566 13.0761 12.2767 11.4114 10.5148 9.5806 8.56759 7.45622 6.23372 4.90973 3.55663 2.13236 0.59906 -1.03586 -2.76498 -4.58119 -6.48205 -8.4671 -10.5359 -12.6878 -14.9226 -17.2396 -19.6384 -22.1181 -24.6799 -27.3261 -30.0565 -32.8714 -35.7705 -38.754 -41.8219 -44.974 -48.2105 -51.5312 
12.7393 13.4163 14.0697 14.64 15.1161 15.4864 15.7486 15.9629 16.1034 16.1633 16.1398 16.0306 15.8331 15.5448 15.1638 14.6876 14.109 13.4204 12.6141 11.7194 10.7943 9.8347 8.79838 7.66156 6.4102 5.06662 3.69767 2.23675 0.667574 -1.00244 -2.76546 -4.61494 -6.5499 -8.56986 -10.6743 -12.8629 -15.135 -17.4902 -19.928 -22.4492 -25.0586 -27.7525 -30.5307 -33.3933 -36.3402 -39.3715 -42.487 -45.687 -48.9713 -52.3434 
13.2152 13.8928 14.5426 15.1076 15.5795 15.9535 16.2183 16.4255 16.5571 16.607 16.5727 16.4517 16.2414 15.9399 15.5455 15.0563 14.467 13.7696 12.9565 12.0375 11.0829 10.0967 9.03668 7.87404 6.59325 5.23392 3.84243 2.34465 0.739407 -0.965874 -2.76176 -4.64443 -6.61341 -8.66821 -10.8083 -13.0334 -15.3428 -17.736 -20.2125 -22.7759 -25.4303 -28.1713 -30.9967 -33.9063 -36.9003 -39.9787 -43.1414 -46.3896 -49.7268 -53.154 
13.7037 14.3821 15.0281 15.5882 16.0556 16.4293 16.6983 16.8979 17.02 17.0597 17.0138 16.8802 16.6569 16.3423 15.9344 15.4315 14.8306 14.1238 13.3031 12.3662 11.3809 10.3667 9.28264 8.09375 6.78341 5.41241 3.99083 2.456 0.814476 -0.925003 -2.75318 -4.66898 -6.67189 -8.76146 -10.9372 -13.1986 -15.5451 -17.9754 -20.4927 -23.0987 -25.7965 -28.5834 -31.4552 -34.4113 -37.4517 -40.5767 -43.7884 -47.0894 -50.4802 -53.963 
14.2051 14.8842 15.5266 16.082 16.5452 16.9152 17.1887 17.38 17.4923 17.5205 17.4623 17.316 17.0798 16.7519 16.3305 15.8138 15.2 14.4829 13.654 12.7056 11.6885 10.6449 9.5364 8.3207 6.98313 5.60153 4.14278 2.5707 0.892834 -0.878666 -2.73907 -4.68791 -6.72469 -8.84894 -11.0602 -13.3575 -15.7396 -18.2093 -20.7687 -23.4174 -26.1587 -28.9899 -31.9074 -34.9093 -37.9961 -41.1702 -44.4334 -47.7869 -51.2313 -54.7701 
14.7195 15.3994 16.0381 16.5892 17.0485 17.4151 17.688 17.8717 17.9725 17.9886 17.918 17.7591 17.5099 17.1687 16.7338 16.2032 15.5753 14.8471 14.0092 13.0536 12.006 10.9318 9.79812 8.55501 7.19347 5.7952 4.29821 2.68867 0.976635 -0.826191 -2.71874 -4.70055 -6.77113 -8.92999 -11.1759 -13.5075 -15.9274 -18.4386 -21.0402 -23.7318 -26.5169 -29.3922 -32.3546 -35.4023 -38.5372 -41.7611 -45.0757 -48.4817 -51.9802 -55.5752 
15.2472 15.9277 16.563 17.1101 17.5657 17.9291 18.1993 18.3715 18.4601 18.464 18.381 18.2093 17.9472 17.5927 17.1442 16.5998 15.9578 15.2162 14.3687 13.4054 12.3336 11.2276 10.0679 8.79681 7.41518 5.99245 4.45703 2.81022 1.06717 -0.766907 -2.69153 -4.70624 -6.81053 -9.00267 -11.2814 -13.6495 -16.11 -18.6632 -21.307 -24.0419 -26.8707 -29.7904 -32.7976 -35.8918 -39.075 -42.3491 -45.715 -49.1737 -52.727 -56.3782 
15.7881 16.4694 17.1013 17.6447 18.0971 18.4576 18.7242 18.8859 18.9574 18.9467 18.8512 18.6668 18.3916 18.0239 17.5617 17.0035 16.3472 15.5913 14.7326 13.7609 12.6715 11.5326 10.346 9.04624 7.64904 6.19321 4.61915 2.93852 1.16511 -0.70014 -2.65677 -4.70429 -6.84028 -9.06387 -11.3779 -13.7853 -16.2875 -18.8828 -21.5691 -24.3473 -27.2202 -30.1843 -33.2365 -36.3775 -39.6093 -42.9336 -46.3512 -49.8631 -53.4715 -57.1788 
16.3426 17.0246 17.6533 18.1933 18.6427 19.0006 19.2624 19.4162 19.4719 19.4431 19.3297 19.1314 18.8432 18.4621 17.9864 17.4142 16.7437 15.9733 15.101 14.1202 13.0199 11.8471 10.6324 9.30343 7.89267 6.3974 4.78536 3.07482 1.27114 -0.625219 -2.61375 -4.69121 -6.85734 -9.11499 -11.467 -13.9157 -16.4598 -19.0973 -21.8261 -24.648 -27.565 -30.5734 -33.6708 -36.859 -40.14 -43.5148 -46.9844 -50.5497 -54.2135 -57.9769 
16.9108 17.5935 18.2191 18.756 19.2028 19.5585 19.8137 19.9604 20.0035 19.9583 19.8264 19.6076 19.302 18.9074 18.418 17.8319 17.1472 16.3623 15.4752 14.4833 13.375 12.1712 10.9273 9.56915 8.14002 6.60493 4.95972 3.21981 1.38592 -0.541334 -2.55793 -4.66428 -6.86325 -9.15768 -11.5502 -14.0405 -16.6266 -19.3065 -22.078 -24.9437 -27.9051 -30.9574 -34.1004 -37.3364 -40.6668 -44.0925 -47.6144 -51.2337 -54.9528 -58.7724 
17.4929 18.1763 18.799 19.3331 19.7775 20.1304 20.3782 20.5176 20.5513 20.4915 20.3427 20.1049 19.7781 19.3621 18.8567 18.2566 17.5577 16.7582 15.8563 14.8502 13.7333 12.5053 11.231 9.84685 8.39083 6.81731 5.14336 3.37414 1.51052 -0.442903 -2.48717 -4.62514 -6.85966 -9.19353 -11.6275 -14.1596 -16.7879 -19.5102 -22.3246 -25.2343 -28.2396 -31.3359 -34.5254 -37.8098 -41.1899 -44.6668 -48.2413 -51.9149 -55.6892 -59.565 
18.0889 18.7731 19.393 19.9247 20.3671 20.7155 20.9557 21.088 21.1141 21.0416 20.8778 20.6228 20.2764 19.8387 19.3095 18.6889 17.9751 17.161 16.2442 15.223 14.0947 12.8495 11.5434 10.1376 8.64501 7.03932 5.33696 3.53933 1.65139 -0.328472 -2.40313 -4.57589 -6.84949 -9.22384 -11.6987 -14.2728 -16.9433 -19.7083 -22.5657 -25.5197 -28.568 -31.7093 -34.946 -38.279 -41.7092 -45.2376 -48.8651 -52.5931 -56.4227 -60.3546 
18.6992 19.384 20.0015 20.5311 20.9717 21.3138 21.5464 21.6714 21.6906 21.6077 21.4307 21.1603 20.7962 20.3386 19.7873 19.1422 18.4034 17.5707 16.639 15.6026 14.4596 13.2038 11.8648 10.4363 8.90517 7.27187 5.54263 3.7225 1.80934 -0.200842 -2.31215 -4.52451 -6.83769 -9.25146 -11.7656 -14.3799 -17.0928 -19.9005 -22.8013 -25.7989 -28.8904 -32.0779 -35.3621 -38.7441 -42.2247 -45.8049 -49.4856 -53.268 -57.1529 -61.141 
19.3238 20.0093 20.6246 21.1523 21.5909 21.9251 22.1501 22.2678 22.2801 22.189 22.0006 21.7165 21.3366 20.8608 20.2891 19.6215 18.8578 17.998 17.0421 15.989 14.8305 13.563 12.1952 10.7384 9.17638 7.51796 5.76794 3.92178 1.97418 -0.0747743 -2.22486 -4.47585 -6.82751 -9.27962 -11.832 -14.4843 -17.2364 -20.0868 -23.031 -26.0713 -29.2078 -32.4416 -35.7737 -39.205 -42.7363 -46.3686 -50.1028 -53.9397 -57.8799 -61.9241 
19.963 20.6491 21.2624 21.7886 22.2232 22.5495 22.7669 22.8773 22.8826 22.7845 22.5865 22.2905 21.8965 21.4044 20.8142 20.1257 19.339 18.454 17.4705 16.3887 15.2083 13.9253 12.535 11.048 9.46283 7.78214 5.99966 4.11551 2.12993 0.0431468 -2.14462 -4.43315 -6.8222 -9.31155 -11.901 -14.5903 -17.3792 -20.2675 -23.2544 -26.3383 -29.5201 -32.8007 -36.1811 -39.6619 -43.2442 -46.9288 -50.7165 -54.6078 -58.6033 -62.7037 
20.6168 21.3035 21.9152 22.4402 22.8687 23.187 23.3968 23.4998 23.4981 23.3933 23.1875 22.8814 22.4751 21.9685 21.3614 20.654 19.846 18.9375 17.9284 16.8186 15.608 14.2967 12.8842 11.3704 9.75448 8.03677 6.21751 4.29691 2.27518 0.152531 -2.07084 -4.39472 -6.81889 -9.34315 -11.9673 -14.6911 -17.5146 -20.4416 -23.4729 -26.6018 -29.8293 -33.1569 -36.5855 -40.1158 -43.7489 -47.4855 -51.3266 -55.2723 -59.3231 -63.4796 
21.2855 21.9728 22.5832 23.1068 23.5273 23.8376 24.0397 24.1354 24.1265 24.0149 23.801 23.4847 23.0659 22.5445 21.9205 21.1939 20.3645 19.4323 18.3973 17.2593 16.0185 14.6798 13.2431 11.7016 10.0542 8.30267 6.44954 4.49502 2.43933 0.28266 -1.97477 -4.33277 -6.7911 -9.34958 -12.0082 -14.7698 -17.6363 -20.6082 -23.6854 -26.8627 -30.1364 -33.5107 -36.9872 -40.5668 -44.2503 -48.0387 -51.9328 -55.9329 -60.039 -64.2517 
21.9692 22.6571 23.2664 23.7868 24.1989 24.5012 24.6956 24.7839 24.7678 24.6474 24.4223 24.0927 23.6582 23.119 22.475 21.726 20.8721 19.9132 18.8497 17.6884 16.4306 15.0737 13.6115 12.0441 10.3709 8.59117 6.70623 4.71758 2.62731 0.436024 -1.85608 -4.24879 -6.74208 -9.33769 -12.0371 -14.8416 -17.7519 -20.7678 -23.8904 -27.1159 -30.4402 -33.862 -37.3862 -41.0147 -44.7484 -48.5883 -52.5351 -56.5895 -60.7509 -65.0198 
22.6681 23.3566 23.9652 24.4798 24.8836 25.1778 25.3645 25.4452 25.4195 25.2871 25.0478 24.7016 24.2485 23.6883 23.0211 22.2468 21.3667 20.3887 19.3128 18.1375 16.8615 15.4794 13.9906 12.3957 10.6954 8.88817 6.9741 4.95459 2.83106 0.604933 -1.72249 -4.15144 -6.68315 -9.31887 -12.0598 -14.9069 -17.8599 -20.9197 -24.0871 -27.3601 -30.7347 -34.2093 -37.7824 -41.4596 -45.2433 -49.1343 -53.1336 -57.242 -61.4586 -65.7836 
23.3824 24.0714 24.6795 25.1859 25.5813 25.8675 26.0462 26.1166 26.078 25.9304 25.6738 25.308 24.8331 24.2489 23.5586 22.7697 21.8816 20.8927 19.8019 18.6079 17.3071 15.898 14.3815 12.758 11.0285 9.19307 7.24969 5.1992 3.04304 0.782625 -1.58067 -4.04695 -6.61742 -9.29334 -12.0757 -14.9643 -17.9596 -21.0628 -24.2746 -27.5943 -31.0186 -34.5457 -38.1737 -41.9015 -45.7348 -49.6768 -53.7282 -57.8901 -62.162 -66.5432 
24.1122 24.8019 25.4074 25.9051 26.292 26.57 26.7377 26.7943 26.7397 26.5739 26.2968 25.9083 25.4141 24.8204 24.1259 23.3294 22.4295 21.4249 20.3145 19.096 17.7678 16.3307 14.7853 13.1323 11.3724 9.50632 7.53335 5.4517 3.26273 0.967835 -1.43146 -3.93517 -6.54451 -9.26065 -12.0833 -15.0128 -18.0501 -21.1963 -24.4521 -27.8179 -31.291 -34.8699 -38.5526 -42.3374 -46.2229 -50.2155 -54.3189 -58.5339 -62.8609 -67.2982 
24.8577 25.5481 26.1483 26.6373 27.0157 27.282 27.4351 27.4748 27.4011 27.2141 26.9223 26.5296 26.0347 25.4364 24.7333 23.9242 23.0077 21.9826 20.8475 19.6014 18.2448 16.7785 15.2032 13.5196 11.7283 9.83001 7.82546 5.71247 3.49049 1.16093 -1.27447 -3.81571 -6.46402 -9.21921 -12.0814 -15.0515 -18.1305 -21.3193 -24.6188 -28.0299 -31.5512 -35.181 -38.9177 -42.7593 -46.7041 -50.7506 -54.9056 -59.1736 -63.5551 -68.0486 
25.6191 26.3102 26.9023 27.3824 27.7487 27.9994 28.1347 28.1554 28.072 27.8863 27.597 27.2028 26.7024 26.0946 25.378 24.5514 23.6134 22.563 21.4001 20.1253 18.7392 17.2427 15.6364 13.921 12.0972 10.1657 8.12722 5.98186 3.72668 1.36229 -1.10932 -3.6882 -6.37449 -9.16785 -12.0692 -15.0796 -18.1998 -21.431 -24.7743 -28.23 -31.7982 -35.4783 -39.2681 -43.1658 -47.1695 -51.2776 -55.4883 -59.8089 -64.2445 -68.7941 
26.3965 27.0863 27.6693 28.1367 28.4866 28.7213 28.8522 28.8794 28.8015 28.6174 28.3256 27.9241 27.4101 26.7837 26.0449 25.1935 24.2298 23.1536 21.9649 20.6638 19.2502 17.7242 16.0861 14.3378 12.4805 10.5147 8.44107 6.2604 3.97169 1.57229 -0.935619 -3.55147 -6.27454 -9.10571 -12.0459 -15.0972 -18.261 -21.5372 -24.9259 -28.4271 -32.0406 -35.7667 -39.6052 -43.5561 -47.618 -51.7871 -56.0616 -60.44 -64.9292 -69.5346 
27.1901 27.8754 28.4454 28.9007 29.2518 29.4978 29.635 29.6599 29.5723 29.3723 29.0598 28.6348 28.0974 27.4476 26.6853 25.8105 24.8233 23.7236 22.5115 21.1869 19.7499 18.2004 16.5385 14.7641 12.8772 10.8779 8.7682 6.55062 4.22587 1.79133 -0.752503 -3.4038 -6.16425 -9.03699 -12.0222 -15.1198 -18.3299 -21.6525 -25.0875 -28.635 -32.2949 -36.0672 -39.9521 -43.9493 -48.0591 -52.2812 -56.6159 -61.0601 -65.6092 -70.27 
28 28.6785 29.2445 29.698 30.0392 30.2678 30.384 30.3878 30.279 30.0579 29.7243 29.2782 28.7197 28.0487 27.2653 26.3694 25.3611 24.2403 23.0071 21.6614 20.2032 18.6327 16.9496 15.1541 13.2461 11.2257 9.09288 6.84756 4.48979 2.01958 -0.563097 -3.25823 -6.06581 -8.98584 -12.0183 -15.1633 -18.4207 -21.7905 -25.2728 -28.8676 -32.5748 -36.3944 -40.3265 -44.3711 -48.5281 -52.7976 -57.1795 -61.6739 -66.2807 -71 
